1 2 3 4 5 6 7 8 9 10 
6 11 12 13 14 15 16 17 18 19 20 21 22 23 
32 33 21 24 25 26 27 28 29 30 31 
6 9 23 31 34 35 36 37 38 39 40 41 42 43 44 45 46 47 48 49 50 
35 51 52 21 53 28 
56 26 54 55 
58 5 21 57 26 59 60 61 62 
64 65 66 63 62 31 
67 68 37 69 70 71 72 73 5 6 74 75 50 20 63 
34 66 6 72 41 76 77 78 79 80 81 82 44 83 21 84 50 
75 12 52 85 86 87 88 89 90 91 92 93 31 
96 30 21 55 28 94 95 
97 98 99 100 66 9 21 
101 102 103 104 21 56 26 28 
105 106 107 31 
26 21 108 109 
9 110 111 21 62 28 30 31 
64 112 113 114 115 31 
98 111 116 117 118 55 119 21 120 30 31 
107 121 122 123 124 125 
128 34 98 5 9 108 111 21 57 26 31 126 127 
129 130 131 132 133 134 135 136 137 138 11 139 140 6 141 142 143 144 23 28 31 33 34 37 58 107 108 122 
35 11 31 21 55 28 30 95 
64 145 146 147 148 31 
35 149 150 55 21 30 31 
64 67 154 115 151 152 153 90 
101 23 90 155 156 157 
160 161 101 104 52 55 158 159 
5 14 21 22 23 28 30 162 34 35 163 164 165 166 167 168 169 170 171 172 173 174 175 176 177 178 53 55 66 83 120 
101 104 10 179 180 21 
181 182 
5 9 11 16 21 26 28 30 158 31 35 167 174 47 53 183 184 185 186 187 188 189 190 191 192 193 194 195 196 197 198 199 200 201 202 115 
203 21 126 167 
9 50 204 108 
21 205 126 55 
167 206 21 120 157 31 
107 207 208 21 55 
11 209 210 211 55 31 
101 104 180 212 21 28 30 
35 69 213 214 215 120 57 88 
216 217 218 219 
21 55 220 221 222 223 
5 9 14 16 21 22 28 29 30 31 34 173 48 178 55 64 78 91 224 225 226 227 228 229 230 231 232 233 234 235 236 237 238 239 120 
5 11 16 21 28 157 30 31 34 35 167 41 47 181 53 183 185 189 192 193 194 195 196 197 199 202 75 247 240 241 242 243 244 117 245 246 
256 257 258 259 260 5 261 262 263 264 21 22 23 26 28 30 31 34 35 37 169 170 172 177 55 63 66 111 248 249 250 251 252 253 254 255 
5 265 266 267 178 90 
259 5 140 268 269 270 271 272 273 274 275 276 277 279 280 16 278 281 28 282 283 31 284 285 45 47 50 53 64 144 113 115 23 
256 140 21 23 30 287 288 289 34 290 291 292 293 31 286 47 50 63 66 125 254 
100 294 295 296 297 168 230 171 9 48 49 184 90 251 285 31 
66 9 83 23 21 30 62 31 
5 7 140 15 16 21 23 153 29 30 31 290 35 164 292 298 299 300 301 302 303 171 304 47 305 306 53 243 
176 307 308 21 309 30 31 
5 9 11 14 144 21 151 28 30 31 37 176 180 310 55 311 313 312 315 314 316 317 192 64 88 100 104 105 107 
100 9 78 111 176 62 31 
66 105 107 83 23 120 31 
21 30 
5 10 268 21 22 28 30 34 35 167 169 53 189 318 319 320 321 322 323 324 325 194 64 197 326 202 232 
327 264 9 46 21 53 23 62 30 31 
5 10 268 21 22 28 30 34 35 167 169 53 189 318 319 320 321 322 323 324 325 194 64 197 326 202 232 
35 21 150 55 313 30 31 
66 105 107 83 23 120 31 
35 21 150 55 313 30 31 
328 9 
5 10 268 21 22 28 30 34 35 167 169 53 189 318 319 320 321 322 323 324 325 194 64 197 326 202 232 
9 21 23 26 28 31 34 50 55 62 66 329 330 331 332 333 334 335 336 337 338 339 106 255 
37 50 340 341 21 342 28 30 
111 178 21 343 90 28 30 31 
344 345 62 31 
37 232 50 21 348 346 347 28 30 
9 251 28 62 31 
352 350 353 5 241 21 31 349 94 351 
5 265 178 343 90 
354 35 355 356 297 41 171 275 21 53 88 349 350 351 
5 9 11 14 144 21 151 28 30 31 37 176 180 310 55 311 313 312 315 314 316 317 192 64 88 100 104 105 107 
66 357 104 180 21 55 30 
358 176 307 308 309 21 30 31 
359 360 14 21 28 30 
120 67 28 
355 37 361 362 242 21 23 28 30 
100 201 363 364 365 111 176 184 62 31 
64 364 366 367 368 369 31 
34 66 5 104 79 178 340 180 28 253 351 
327 264 9 46 21 53 23 62 26 30 31 
35 21 150 55 313 30 31 
256 259 5 21 22 28 30 31 34 35 167 298 176 50 53 189 63 194 325 197 202 96 232 378 370 371 372 373 374 375 376 377 115 253 
101 23 88 379 380 
100 9 26 381 382 
5 9 11 16 21 26 28 30 158 31 35 167 174 47 53 183 185 186 187 188 189 190 191 192 193 194 195 196 197 198 199 200 201 202 240 115 
384 385 386 163 387 64 351 6 388 9 123 30 21 55 379 31 126 383 
203 21 126 167 
120 67 28 
389 265 201 180 21 28 30 
352 90 390 391 
120 67 28 
203 21 126 167 
35 392 393 394 395 396 31 202 21 53 311 184 153 26 28 30 351 
64 34 100 37 294 9 11 397 303 309 21 55 120 57 90 379 30 191 
146 107 
66 105 107 83 23 120 31 
259 5 398 399 400 401 402 403 404 405 21 406 26 30 31 34 292 295 46 55 64 77 360 242 243 
146 107 
9 268 21 407 408 409 410 411 26 413 412 31 414 34 46 53 57 189 201 88 91 355 107 115 120 383 
415 9 10 369 61 31 
416 417 418 419 296 142 21 315 61 30 
9 268 21 407 408 409 410 411 26 413 412 31 414 34 46 53 57 189 201 88 91 355 107 115 120 383 
420 421 422 338 21 23 26 
5 21 153 26 158 34 162 291 423 424 425 426 40 427 428 429 430 322 329 351 115 
382 6 9 397 21 28 34 163 37 167 171 431 432 433 48 434 435 69 351 230 117 120 126 
100 9 111 176 436 184 62 31 
64 364 367 368 369 437 31 
115 438 14 
9 251 28 62 31 
264 9 46 23 21 53 439 62 26 30 31 
164 5 292 105 171 300 301 302 15 304 305 364 243 21 53 153 30 
100 37 101 6 104 105 9 107 10 176 144 242 180 21 184 26 30 31 
2 4 5 6 8 19 21 158 31 34 50 440 441 442 443 444 445 446 447 66 125 255 
5 265 266 267 178 90 
203 21 126 167 
354 35 355 297 171 21 53 349 350 
100 9 26 381 382 
352 350 354 35 353 5 355 297 171 241 21 53 31 349 94 351 
352 350 353 5 241 21 31 349 94 351 
386 164 5 292 105 171 300 301 302 15 304 305 364 243 21 53 153 30 
448 449 450 64 451 452 75 23 
261 275 21 26 413 34 52 53 64 195 453 454 455 456 457 458 459 351 101 379 
100 37 294 5 230 201 234 460 461 397 174 48 21 150 55 120 26 351 
201 462 463 115 85 182 23 191 
64 35 41 464 465 466 467 57 28 
471 90 9 330 468 469 470 309 26 
23 472 473 474 350 
37 41 9 75 242 153 475 476 126 
5 264 147 21 22 23 28 30 34 35 37 168 170 172 176 177 50 55 57 58 444 66 477 478 479 480 481 95 482 483 484 251 253 
34 485 6 486 487 9 75 364 153 158 
488 489 34 490 
37 232 491 50 21 22 23 347 28 29 30 
64 492 493 31 
64 364 494 367 368 369 31 
9 21 150 23 26 28 30 31 416 34 35 37 55 450 75 339 85 351 107 495 496 497 498 499 500 120 382 
488 504 501 502 503 21 58 
5 9 21 30 31 34 163 295 167 171 49 55 184 319 75 351 505 506 126 
5 21 23 26 30 31 33 34 169 57 62 66 195 329 104 363 120 253 507 508 509 
512 37 510 511 
513 9 107 364 396 109 
514 100 16 55 125 158 351 
289 515 35 5 516 9 140 21 62 57 26 126 31 
517 518 519 520 521 5 522 523 524 277 21 23 406 31 34 50 184 66 75 239 
516 5 262 264 9 525 526 527 528 529 530 531 21 153 26 29 30 31 34 35 37 303 55 57 201 85 99 101 105 107 251 
352 1 105 9 107 532 533 21 120 26 88 30 31 
35 531 21 534 30 53 126 31 
194 5 205 176 242 115 85 55 535 184 21 126 31 
34 195 541 101 66 107 239 496 21 536 537 538 539 540 29 30 31 
35 21 150 55 313 30 31 
203 21 126 167 
352 90 390 391 
177 499 23 542 543 
35 21 150 55 313 30 31 
544 100 9 277 23 26 381 382 
545 75 14 9 
546 5 46 120 56 543 
50 547 30 151 
545 499 93 23 
549 548 85 
5 265 266 267 178 90 
66 550 551 552 553 554 555 556 243 115 23 55 
100 557 558 559 21 53 153 28 61 30 
560 561 562 434 21 28 30 
120 67 28 
120 67 28 
352 6 198 111 563 564 565 252 21 23 28 62 31 
5 9 11 16 21 26 28 30 158 31 35 167 174 47 53 183 185 186 187 188 189 190 191 192 193 194 195 196 197 198 199 200 201 202 240 115 
35 21 150 55 313 30 31 
115 566 55 
116 125 351 567 
100 199 360 9 21 568 28 30 
9 426 18 21 23 472 569 26 
570 355 47 
28 21 571 572 573 30 
576 452 198 75 12 575 431 472 574 415 
577 578 579 580 6 9 75 120 116 21 472 28 30 415 
545 450 581 582 199 583 584 585 75 9 586 115 566 23 472 31 
166 587 588 589 590 75 315 
416 64 34 105 107 591 592 593 339 21 28 253 30 31 
327 360 49 594 562 434 21 23 28 30 31 
595 596 21 23 472 252 
5 9 21 30 31 34 163 295 167 171 49 55 184 319 75 351 505 506 126 
98 419 414 5 40 201 9 240 50 597 117 245 21 57 570 30 
352 350 354 35 353 355 297 171 241 21 53 31 349 94 351 
35 38 41 275 150 598 351 
33 66 446 9 23 21 599 600 601 602 28 30 
603 604 23 31 
259 21 26 28 31 543 50 63 66 83 605 606 607 608 609 610 611 612 101 613 614 615 246 254 126 
256 5 522 21 28 285 30 31 34 35 163 294 167 168 298 171 48 434 178 53 439 55 57 319 75 82 230 616 617 618 619 620 621 622 623 117 
