1 2 3 4 5 6 7 8 9 10 11 12 13 14 15 16 
17 18 19 20 21 22 23 24 25 26 27 
28 29 
32 33 34 35 36 30 31 
35 37 38 39 40 9 41 42 43 44 45 46 47 48 
8 9 14 48 49 50 51 52 53 54 55 56 57 58 59 
64 65 66 60 61 62 63 
67 68 
9 14 16 34 39 51 59 63 69 70 71 72 73 74 75 76 77 78 79 80 81 82 83 84 85 86 87 88 89 90 91 92 93 94 95 96 97 
98 99 100 101 102 71 103 104 105 106 107 108 109 110 111 14 112 113 
34 66 102 39 46 114 115 116 117 118 119 51 121 122 123 120 94 
128 129 2 34 130 131 132 133 134 9 46 14 94 59 124 125 126 127 
51 21 135 
136 137 138 139 140 9 141 59 
67 142 143 144 145 146 147 59 
34 9 81 148 149 150 151 152 153 154 155 120 
35 41 138 156 157 158 
160 161 34 162 4 101 163 164 165 166 65 167 168 45 51 159 
9 146 34 169 170 171 172 45 173 174 175 176 177 178 179 46 180 69 86 93 102 124 
181 182 
34 183 184 185 186 
101 14 187 188 189 
192 26 190 191 
32 193 34 194 132 195 
48 196 
194 59 197 
198 199 200 16 157 94 
160 201 202 
34 35 203 204 205 206 207 208 209 210 51 211 14 59 
16 34 35 59 64 192 79 212 213 214 215 216 217 218 219 220 221 222 223 224 100 115 
225 226 101 201 156 
66 227 165 142 16 
228 229 
8 9 139 140 141 51 55 59 64 101 230 231 232 233 234 235 236 237 238 
115 239 
240 241 242 243 244 26 63 
100 165 39 79 16 81 51 252 245 246 247 248 249 250 251 120 253 254 
256 255 
96 257 258 259 260 261 262 71 35 36 263 264 265 266 16 254 
34 9 267 268 269 270 271 272 81 46 273 153 59 
35 14 274 275 276 277 278 279 216 218 223 
287 59 204 47 280 281 282 283 284 285 286 216 
288 289 161 290 291 101 14 26 
35 292 293 102 294 295 59 204 274 280 281 282 283 284 285 286 216 
98 102 296 297 298 203 299 300 301 302 303 81 304 305 306 307 48 
96 111 51 308 118 
250 309 310 
65 71 311 312 313 314 
315 138 51 167 
320 321 322 323 324 39 9 10 217 283 316 317 318 319 
100 325 326 327 328 9 329 330 16 210 223 
331 332 333 334 335 81 
34 35 323 9 14 336 337 338 339 340 57 317 
35 48 311 64 195 323 202 337 341 342 343 344 345 346 347 348 96 115 250 
352 353 34 354 6 171 204 14 57 349 350 351 
320 65 355 356 357 115 
100 101 358 359 360 
40 361 362 363 364 365 366 46 367 337 368 273 26 
45 14 368 369 26 
370 371 
384 385 386 131 14 282 34 35 51 307 59 65 194 204 217 223 376 372 373 374 375 120 377 378 379 380 381 382 383 
387 388 389 390 391 392 393 394 395 396 8 397 398 399 400 401 402 403 404 405 406 407 408 26 409 410 411 286 412 34 59 14 223 100 237 120 
4 9 138 14 15 273 274 155 413 414 415 416 417 418 419 420 34 421 422 423 424 425 426 427 428 46 429 430 431 48 51 180 71 334 94 100 101 102 111 112 123 
432 433 67 
160 439 100 71 9 203 334 16 274 434 435 436 437 438 440 441 59 
265 286 35 59 437 439 442 443 444 445 446 447 448 449 450 451 452 453 454 455 456 457 458 459 460 461 462 79 211 94 100 102 359 115 118 120 
471 101 69 46 463 464 465 466 337 467 468 469 308 470 61 
472 228 359 
473 474 
358 459 14 81 274 475 476 477 
480 478 479 
16 278 26 63 66 67 203 481 482 483 100 484 485 486 487 488 489 97 240 241 242 243 120 125 
256 100 490 491 492 493 494 495 496 46 16 343 59 
256 34 203 491 497 498 255 
6 71 499 500 501 502 503 504 252 
512 8 140 272 406 34 296 430 48 51 440 318 100 102 254 504 505 506 507 508 509 510 511 
513 514 515 35 516 14 504 
517 9 41 278 471 
293 518 519 520 521 522 
65 71 9 523 524 525 526 14 527 81 16 51 406 
161 34 66 100 68 518 45 528 17 529 530 531 344 
34 14 532 533 534 535 
35 198 71 8 167 237 14 21 503 536 537 538 539 540 
541 181 
100 542 543 
2 9 544 545 546 547 548 549 550 35 551 552 553 554 555 165 556 557 558 559 51 203 337 94 96 365 
71 9 560 561 562 563 564 565 
525 14 272 281 39 566 567 568 569 570 571 572 573 574 575 576 203 96 100 103 248 
577 578 261 557 46 337 150 94 
65 34 579 580 581 582 35 485 524 494 558 307 374 
516 14 278 40 46 430 51 564 59 71 583 584 585 586 587 588 589 459 590 591 100 102 111 115 372 118 124 125 
359 592 593 594 217 
34 359 113 595 596 
201 68 
34 471 485 599 359 268 14 79 48 273 595 372 597 373 598 600 59 
601 602 14 
35 364 47 559 51 603 604 605 
165 51 54 606 607 
608 609 
610 611 101 487 15 
3 8 14 15 16 406 408 26 160 289 34 35 165 46 51 59 194 198 204 79 471 94 612 101 613 614 615 616 617 618 619 620 621 622 237 623 624 115 120 377 379 508 
6 8 16 278 35 71 204 78 81 598 95 485 623 625 626 627 120 377 125 
35 9 14 627 628 629 630 631 632 377 
640 641 642 643 644 14 16 401 22 534 26 411 160 289 34 35 171 46 438 55 59 66 71 199 597 343 217 612 101 635 112 633 115 120 377 634 379 636 637 638 639 
35 217 293 645 646 647 398 341 216 281 283 509 
34 648 649 650 203 651 652 59 341 26 283 93 
418 328 649 59 203 652 653 654 655 47 341 216 281 283 509 
69 653 341 216 59 509 
34 359 46 14 626 
224 35 101 102 649 203 204 493 656 657 146 658 372 181 216 281 283 
659 660 
181 310 
9 15 661 662 663 664 665 666 667 668 26 669 670 671 289 34 35 161 293 39 41 49 51 55 59 205 334 79 94 230 237 115 120 
259 9 155 672 673 674 675 676 677 678 679 680 34 681 682 683 684 685 686 687 688 689 305 690 691 692 440 59 318 337 94 96 100 102 237 510 
270 274 409 26 289 161 35 165 440 40 693 694 695 696 697 698 699 700 701 702 703 64 704 66 705 59 706 81 82 113 115 
2 9 406 153 409 160 293 38 691 59 707 708 709 710 711 712 713 714 715 716 717 718 79 719 337 720 96 100 237 506 
101 293 71 46 111 721 722 723 724 694 695 696 120 510 
96 695 273 729 725 726 727 728 310 26 
398 278 409 45 59 64 200 730 731 732 733 734 735 736 737 738 739 612 740 741 742 743 118 510 
34 35 223 744 745 746 8 747 748 749 79 750 503 120 217 60 447 
34 100 36 102 9 204 14 751 752 753 754 115 372 692 406 732 
34 755 756 757 
385 758 
204 16 724 759 760 59 
768 9 14 153 28 160 34 35 42 43 449 65 96 761 762 763 764 765 766 767 
769 770 771 772 101 773 774 775 334 79 207 46 14 118 59 94 
35 71 776 777 778 779 780 781 782 426 783 16 115 51 660 59 
784 751 
777 9 14 785 274 786 787 788 789 791 790 792 794 793 153 795 796 797 798 799 418 177 445 67 81 337 100 
800 801 113 
192 802 26 803 562 503 250 190 31 
418 546 804 805 102 71 806 807 503 282 433 274 177 372 407 26 59 796 
808 809 810 766 
730 811 748 
51 812 813 270 
35 132 814 815 816 817 274 438 26 411 
753 34 819 818 
59 820 821 
39 8 299 14 783 272 822 823 344 59 94 
824 35 180 14 
827 101 167 9 204 45 81 724 825 826 571 828 
153 459 829 303 
67 8 362 430 48 250 59 830 
832 833 834 99 835 836 102 837 34 838 35 839 840 841 14 437 278 831 
4 34 35 171 59 65 842 843 844 845 846 847 848 849 850 851 852 853 854 855 856 730 100 112 
34 250 14 726 857 858 859 318 
864 34 194 101 102 14 51 94 26 860 861 862 863 
865 866 867 868 357 102 71 8 332 716 372 409 282 59 
