1 2 3 4 5 6 7 8 9 10 11 12 
13 14 15 16 17 
18 19 20 21 22 23 24 25 26 27 28 
32 33 34 35 36 37 38 39 40 41 42 29 30 31 
32 37 43 44 45 46 47 48 49 50 51 52 
53 54 55 56 57 58 59 
60 61 62 63 
64 65 66 
67 68 37 69 70 71 72 73 
1 6 74 75 76 77 78 
80 81 78 79 
82 83 84 85 86 87 88 89 90 
96 91 92 93 94 95 
97 98 99 100 101 102 37 103 104 18 88 25 
7 105 106 107 108 109 110 111 112 113 114 
115 116 117 118 119 120 121 122 123 
124 125 
128 129 130 131 132 133 6 134 111 126 127 
135 136 137 138 139 140 141 142 143 144 145 146 147 148 149 150 
142 55 152 153 151 
160 154 155 156 157 158 159 
161 162 163 164 165 166 
167 168 169 170 39 62 
36 6 167 39 169 171 172 173 
37 174 175 176 91 
177 178 179 62 
37 180 181 182 183 184 58 93 
37 183 185 186 187 
192 132 175 55 91 188 189 190 191 
193 194 195 196 197 198 132 199 91 188 
200 201 202 203 142 59 
204 205 206 207 208 209 210 
12 88 211 212 213 214 215 216 217 218 219 220 221 222 223 224 225 226 227 228 229 230 231 232 233 234 
256 37 211 216 235 236 237 238 239 240 241 242 243 244 245 246 247 248 249 250 251 252 253 254 255 
257 258 259 260 261 262 263 264 265 266 267 268 269 270 271 272 273 274 275 276 216 108 244 245 
280 277 278 279 
37 269 244 245 22 246 281 282 283 284 285 286 
288 289 290 291 292 293 294 287 
296 297 295 
298 299 300 301 302 303 304 305 306 307 308 55 26 187 190 
309 310 311 312 313 26 156 
320 321 314 315 316 317 318 319 
322 323 324 325 
6 326 327 328 329 330 331 141 45 332 333 
96 6 334 335 336 337 338 339 340 341 342 343 344 345 
352 301 346 347 348 349 350 351 
353 354 355 356 357 358 359 225 360 361 362 
225 232 41 363 364 365 366 367 
70 368 369 370 371 372 347 
373 374 375 376 377 378 
311 313 26 379 380 381 382 
384 385 386 387 388 389 390 391 392 156 383 
96 393 394 395 396 397 398 399 340 342 
5 79 400 401 402 403 
234 404 
125 405 
26 6 73 108 406 407 408 409 410 411 412 413 414 31 
416 417 418 419 210 406 407 415 
420 421 422 70 37 423 301 
1 6 424 425 426 427 428 429 78 412 
6 395 399 30 159 31 45 430 431 432 433 434 435 51 53 436 55 340 96 
39 168 377 437 438 439 440 441 442 443 444 445 446 447 
448 449 386 450 451 452 453 168 73 438 440 
289 37 454 455 456 262 457 458 6 459 460 444 
167 168 39 437 438 440 441 442 443 444 445 
158 461 462 463 
167 168 313 464 465 407 441 59 311 
407 466 467 311 313 
43 468 469 
470 471 472 473 474 475 
480 481 482 483 45 400 407 476 477 478 479 
289 388 484 485 486 487 488 489 490 491 492 493 494 495 496 145 468 
6 301 141 497 498 499 500 501 502 503 
512 513 514 515 516 517 518 363 511 406 504 505 506 507 508 509 510 479 
519 55 
192 39 520 521 522 523 524 45 525 51 470 471 
528 13 526 527 
66 535 43 529 530 531 532 533 534 407 536 537 538 539 540 541 542 
544 545 546 547 548 6 201 208 497 53 543 
416 417 549 550 551 552 407 413 
553 554 555 
416 417 67 407 
6 556 557 558 172 559 407 
560 58 66 
43 561 562 563 564 565 
6 73 500 566 567 568 569 570 91 571 
576 577 578 579 580 6 208 571 91 572 573 574 575 
33 66 581 582 583 6 584 585 45 493 
96 586 587 588 589 590 591 592 467 373 
66 6 142 208 593 594 595 596 91 573 
603 605 597 598 599 600 601 55 602 604 349 
608 225 609 37 406 407 379 606 607 
610 611 612 613 614 327 615 333 59 
503 262 6 616 617 618 619 459 399 407 
33 620 621 622 623 624 407 
386 105 335 176 625 626 627 628 629 630 631 632 633 210 634 
640 635 636 637 638 639 
641 642 643 644 645 6 646 647 648 141 142 58 
198 649 650 587 651 652 653 654 655 522 656 657 658 
616 142 145 659 660 661 662 663 664 
668 37 665 666 667 188 669 
672 673 674 675 676 405 670 671 
255 132 6 677 678 679 680 681 682 683 684 685 686 687 688 689 690 691 66 211 88 108 383 
680 108 692 693 694 695 696 697 698 221 
172 699 700 701 702 703 704 705 706 707 578 708 709 710 711 197 712 587 713 714 
673 37 715 716 493 80 26 
618 716 717 718 719 720 721 722 723 724 725 726 727 
736 737 738 6 395 632 720 340 728 729 730 731 732 733 734 735 
6 400 445 66 721 739 740 741 742 743 744 745 746 747 748 749 750 751 752 
65 102 759 753 754 755 756 757 529 758 760 761 762 763 764 765 766 767 
768 769 770 771 772 33 773 774 775 776 777 303 
37 645 778 779 780 13 781 15 782 
37 6 783 784 55 
795 791 632 176 785 786 787 788 789 790 55 792 793 58 794 796 
672 800 37 423 797 798 799 
801 802 803 804 805 806 327 807 808 809 587 810 811 812 176 59 445 
801 804 805 168 808 812 813 814 815 816 301 817 818 819 176 820 821 59 66 327 
26 58 567 38 42 441 442 822 823 824 825 826 827 828 829 830 
832 37 831 
167 168 73 784 441 442 443 
224 833 834 835 836 837 812 55 
838 839 840 167 841 363 842 843 
224 833 834 836 837 587 844 812 59 
834 835 845 846 142 141 847 596 55 828 
192 67 645 39 328 848 849 850 851 176 852 784 441 442 59 
495 853 854 855 
7 587 142 846 498 470 55 856 857 858 859 860 
861 6 
861 6 
861 6 
864 865 742 6 828 188 862 863 
866 867 868 869 142 
192 352 6 871 870 743 872 873 620 874 750 751 73 
192 352 741 742 875 876 877 878 879 880 620 881 882 621 883 884 751 885 
26 437 567 823 441 55 442 311 447 873 620 751 886 887 888 889 890 891 892 893 
192 352 741 742 6 873 361 876 877 878 879 620 881 621 885 696 894 
896 897 898 645 422 328 652 176 498 850 851 470 311 895 
899 900 901 902 903 904 107 
905 906 907 588 908 686 909 910 911 912 913 914 915 916 917 477 
453 918 919 920 921 922 923 924 
680 925 
928 929 930 931 932 933 934 935 552 624 500 926 927 
33 929 936 937 938 939 940 941 942 943 944 945 946 947 795 
6 331 12 948 949 950 951 952 953 954 955 956 957 958 
960 961 962 963 964 709 965 966 967 968 208 58 959 
6 12 700 701 702 703 704 705 708 709 197 711 969 970 971 972 973 974 975 976 
977 978 979 980 981 982 983 984 985 63 
992 993 66 994 995 263 138 139 143 176 532 413 986 987 988 989 990 991 
996 997 998 624 466 311 
33 997 999 1000 1001 1002 1003 1004 1005 1006 1007 944 946 311 313 26 
1018 588 303 1008 1009 1010 1011 1012 1013 176 55 1014 1015 1017 307 445 1016 
1024 996 1001 978 1019 1020 1021 1022 1023 
1025 1026 1027 1028 1029 1030 1031 1032 6 1033 1034 1035 1036 1037 1038 1039 188 1001 373 1022 
1025 385 678 262 1007 1040 1041 1042 1043 1044 1045 1046 1047 1020 445 
6 12 1044 1048 1049 1050 1051 1052 1053 1054 680 311 313 188 858 1001 1007 1019 1020 1022 
1056 1057 1058 1059 37 200 176 444 1055 
1060 1061 1062 1063 1064 1065 1066 1067 1068 1069 1070 1071 1072 1073 1074 1075 1076 1077 1078 1079 1080 232 492 
1081 1082 1083 1084 1085 1086 1087 1088 1089 1090 1091 1092 1093 1094 1095 1096 1097 1098 1099 1019 
67 1100 1101 1102 1103 1104 1105 1106 1107 1108 1109 1110 1111 1112 1113 1114 636 
37 107 908 1115 1116 1117 1118 1119 
1120 1121 373 
1101 1107 88 1122 1123 1124 1125 1126 1127 1128 1129 1130 1131 1132 1133 1134 1135 1136 1137 1138 1139 1140 
192 225 1150 37 6 198 1148 1141 1142 1143 1144 1145 1146 1147 220 1149 862 
1152 1153 1154 192 1155 37 1156 1157 1158 301 304 978 503 1151 
68 1159 
37 6 1160 1161 1162 1163 1164 1165 1166 620 1167 1168 1169 1170 1171 1172 858 255 
33 390 970 620 756 1173 1174 1175 1176 1177 59 
1183 1184 1185 361 620 1103 1106 1178 1179 1180 1181 1182 445 
1186 1187 1188 1189 66 1190 620 1173 
1191 1192 1193 629 58 
1194 1195 1196 1197 1198 1199 311 313 
66 1194 43 587 1196 1069 1200 59 636 
1201 1202 1203 1204 125 
835 748 301 141 142 558 1172 1205 1206 1207 55 59 93 1208 
578 38 39 1194 42 1209 1210 1211 1212 1213 
1216 1217 1218 1219 1220 434 532 1214 1215 
290 1221 70 
356 741 1222 1223 1224 1225 1226 1227 876 422 1228 1229 361 1230 1181 
37 1101 1231 1232 1233 1234 1107 1235 1236 1237 1238 1239 1241 1242 1243 1244 1240 1245 1128 1135 251 
1248 1249 290 1250 1251 1252 37 1253 1254 1255 652 858 220 1246 1247 
774 39 1256 1257 1258 1259 1260 1261 1262 1263 
37 970 620 12 398 751 1264 1265 1266 1267 1268 1173 1269 1270 273 1146 412 158 
33 545 59 15 1271 1272 1273 1274 1275 1276 1277 1278 1279 
1280 1281 1282 1283 1284 1285 1286 1287 1288 969 1289 1290 1291 1292 1293 1294 400 1295 
262 6 12 400 1296 1297 1298 1299 1300 1301 1303 1304 23 1302 188 969 858 227 620 750 
352 1312 741 742 6 1078 1305 1306 1307 1308 1309 1310 1311 
1313 1314 1315 
6 12 785 532 1316 1317 1318 1319 1320 1321 1322 1323 1324 691 198 84 93 224 229 115 383 
37 6 902 1325 1326 1327 1328 1329 1330 1331 1332 1333 
159 902 108 1338 632 176 570 1334 470 1336 1337 58 1339 1340 1335 735 
33 545 26 15 1271 1272 1273 1274 59 1276 1277 1278 1279 
444 1059 37 1146 1164 111 751 1266 506 828 1341 1342 1343 
21 37 62 1344 1345 1346 1347 1090 1348 1349 1350 1351 1352 1353 1354 1355 1356 1357 1269 1150 
37 263 970 1358 1359 1173 1146 
37 691 1360 1361 1362 1363 1364 1365 1366 1367 1368 1369 1370 1371 1372 1373 1374 1375 1376 1377 249 1146 
