1 2 3 4 5 6 7 8 9 10 11 12 13 14 15 16 17 18 19 20 
9 21 22 23 24 25 26 27 
32 33 34 35 36 37 38 39 40 41 14 15 28 29 30 31 
42 43 44 45 46 47 48 49 50 51 
52 53 54 55 56 57 58 59 60 61 62 
64 65 66 67 68 69 70 71 72 73 74 75 76 63 
77 78 79 80 81 82 83 84 85 86 17 87 
6 88 89 90 91 92 93 94 95 96 97 98 99 100 101 102 103 104 105 106 
107 108 109 110 111 112 113 114 115 
128 129 8 112 124 116 117 118 119 120 121 122 123 28 125 126 127 
129 130 131 132 133 134 135 136 8 137 138 139 140 141 16 20 
103 109 142 143 144 145 146 147 148 149 150 151 17 153 152 
160 161 162 163 164 165 166 167 51 154 155 156 157 158 159 
168 169 170 171 172 173 174 175 176 177 178 179 180 181 182 183 184 185 186 187 188 189 190 191 
192 193 194 195 196 197 198 7 199 200 201 202 203 109 103 204 53 
107 108 109 110 111 112 113 114 115 
190 205 206 207 208 209 210 211 212 213 214 215 216 217 218 219 220 184 
152 171 176 179 180 53 186 221 222 223 224 225 226 227 228 229 230 231 103 109 
6 232 233 234 235 236 237 238 239 240 241 242 243 244 245 51 
129 131 6 39 246 247 248 249 250 251 252 
256 257 258 259 260 261 262 175 149 253 254 255 
1 263 264 265 266 267 268 269 270 271 272 273 274 275 276 277 278 279 280 281 282 283 284 285 286 287 52 77 
107 108 109 110 111 112 113 114 115 
52 53 54 55 56 57 58 59 60 61 62 
288 289 290 291 292 293 8 16 
103 109 142 143 144 145 146 147 148 149 150 151 17 153 152 
129 131 6 39 246 247 248 249 250 251 252 
2 294 295 296 297 298 299 300 301 302 303 208 17 304 190 
276 305 306 307 308 309 310 311 312 313 314 315 316 317 318 319 320 321 222 
322 323 324 325 326 327 6 328 329 330 331 77 78 175 332 333 179 
1 324 6 264 330 44 77 334 109 335 336 337 333 276 338 339 
351 103 8 27 87 16 340 341 342 343 344 345 346 347 348 349 350 255 
192 193 194 195 196 197 198 7 199 200 201 202 203 109 103 204 53 
6 232 233 234 235 236 237 238 239 240 241 242 243 244 245 51 
352 353 354 355 356 357 358 359 360 9 361 362 363 364 365 366 
17 181 332 109 367 368 369 370 371 372 373 374 375 376 377 378 379 380 381 382 
129 131 6 39 246 247 248 249 250 251 252 
190 205 206 207 208 209 210 211 212 213 214 215 216 217 218 219 220 184 
384 385 386 387 388 389 390 391 330 77 212 124 125 383 
134 392 393 394 395 396 397 398 399 400 401 402 155 190 77 86 345 346 103 374 
407 103 415 190 403 404 52 405 406 408 409 410 411 412 413 414 319 
2 294 295 296 297 298 299 300 301 302 303 208 17 304 190 
322 323 324 325 326 327 6 328 329 330 331 77 78 175 332 333 179 
400 155 416 417 418 419 420 421 422 423 424 425 426 427 304 77 362 106 116 119 
6 332 103 201 428 77 430 431 429 432 433 434 435 436 437 438 
352 448 449 106 119 439 440 441 442 443 444 445 446 447 
351 103 8 27 87 16 340 341 342 343 344 345 346 347 348 349 350 255 
450 451 452 453 454 455 456 457 458 459 460 461 462 463 21 
133 359 8 464 465 466 467 468 53 243 119 16 469 114 255 
321 471 312 103 307 21 310 470 472 473 474 475 476 311 
440 197 477 478 479 480 481 482 483 484 485 486 487 488 489 490 491 492 493 494 495 
103 496 497 498 499 500 501 502 503 504 505 506 507 508 255 
512 513 514 515 516 517 518 519 520 511 77 17 53 215 220 509 510 63 
521 522 523 524 525 526 527 528 529 530 531 532 119 152 190 
541 20 6 536 242 307 23 533 534 535 21 537 538 539 540 29 542 543 
544 545 546 547 352 548 549 550 551 552 234 553 554 555 475 
138 555 556 557 558 559 560 561 562 563 564 565 566 567 568 569 570 315 571 572 573 574 575 576 197 234 106 116 119 
6 19 153 577 578 579 580 581 582 583 584 585 330 586 587 588 589 590 464 591 362 
8 16 17 155 558 190 457 592 593 594 595 596 597 598 599 600 601 602 603 604 605 606 607 608 609 485 103 109 120 
608 385 322 611 612 610 613 614 615 9 40 616 617 379 
103 618 619 620 621 622 175 176 623 624 83 564 190 
576 7 632 77 625 626 627 628 629 630 631 119 633 634 635 60 319 
138 555 556 557 558 559 560 561 562 563 564 565 566 567 568 569 570 315 571 572 573 574 575 576 197 234 106 116 119 
8 16 17 155 558 469 190 457 592 593 594 595 596 597 598 599 600 601 602 603 604 605 606 607 608 609 485 103 109 120 
640 353 641 6 489 508 94 636 637 638 639 
642 643 644 645 646 647 648 649 650 651 652 653 103 654 437 346 27 478 
391 170 655 656 657 658 659 660 661 662 
248 129 39 27 9 469 663 664 665 666 667 668 669 670 671 
672 673 674 675 676 677 678 487 679 680 681 103 176 627 
682 683 684 173 685 207 686 687 688 689 52 690 184 189 
675 676 103 680 106 176 691 692 693 694 695 696 697 346 699 698 
704 705 706 707 708 709 391 234 207 239 17 689 20 184 700 701 702 703 
1 710 711 712 713 714 715 716 109 717 718 719 720 721 
8 189 722 723 724 725 726 727 728 729 730 731 732 733 734 94 736 737 735 
401 287 315 574 702 319 346 738 739 740 741 742 743 744 745 746 747 103 748 749 750 374 
268 557 695 184 77 119 730 362 751 752 753 754 755 756 757 758 759 760 761 
768 769 770 771 388 772 773 774 392 775 776 777 400 408 442 317 83 86 106 506 119 762 763 764 765 766 767 
7 778 779 780 781 782 783 784 785 786 13 787 788 159 31 680 312 184 190 77 467 216 103 
391 789 790 791 792 793 794 795 155 796 797 798 800 801 802 799 803 53 572 76 77 483 106 119 
321 471 312 103 307 21 310 470 472 473 474 475 476 311 
804 805 806 807 808 809 810 811 812 813 814 73 815 816 53 277 222 
20 155 44 817 818 819 820 821 822 823 824 825 826 827 828 339 346 109 497 
832 833 201 479 494 17 310 829 830 831 
527 272 44 431 307 437 310 702 321 834 835 836 837 838 839 840 841 464 339 
390 103 296 842 843 684 844 845 175 846 847 848 723 849 850 
704 705 385 706 613 709 234 207 851 20 184 346 475 
66 99 265 329 779 171 235 856 852 853 854 855 119 857 858 859 860 254 
864 865 866 323 867 868 869 870 14 145 315 190 861 862 863 
440 197 477 478 479 480 481 482 483 484 485 486 487 488 489 490 491 492 493 494 495 
871 872 873 874 875 876 877 878 879 880 881 882 883 884 437 106 885 26 
896 897 898 899 900 901 16 176 437 184 191 201 207 851 469 217 731 357 103 886 887 888 889 890 891 892 893 894 895 
450 451 452 453 454 455 456 457 458 459 460 461 462 463 21 
900 901 902 903 904 905 906 907 908 8 909 910 911 912 913 16 914 915 31 184 315 332 103 894 895 
916 917 918 919 920 921 922 923 924 925 926 927 672 928 929 222 103 106 109 
640 8 16 786 283 930 931 932 933 934 935 936 937 938 171 939 175 180 697 188 189 84 228 229 103 
100 935 71 940 941 942 943 944 945 144 946 947 948 949 155 509 
320 417 485 207 950 951 952 953 954 955 956 
960 961 962 963 964 965 966 103 9 109 303 272 755 83 53 957 958 959 
962 967 968 969 970 971 972 109 973 974 975 976 17 723 977 978 979 980 
17 680 687 693 694 695 697 698 699 957 191 981 982 983 984 985 986 987 988 93 989 103 109 
992 993 994 995 996 618 527 119 190 990 991 
899 391 155 680 171 52 180 330 727 95 997 998 999 1000 1001 1002 1003 1004 109 231 628 505 
323 134 1005 77 1006 1007 1008 1009 1010 1011 21 1012 1013 120 1014 1015 155 
1024 1025 1019 264 330 431 53 1016 1017 1018 155 1020 1021 1022 1023 
133 359 8 464 465 466 467 468 53 243 119 16 469 114 255 
768 1026 1027 195 1028 1029 455 1030 9 199 1031 362 1032 152 600 829 190 
1024 391 1033 1034 1035 1036 1037 1038 1039 1040 145 1041 155 340 861 862 863 864 868 870 103 
225 103 368 210 1042 1043 21 1044 1045 1046 1047 1050 1049 1048 
6 1051 1052 1053 1054 1055 1056 1057 51 702 232 233 234 235 236 237 238 239 240 241 106 243 244 245 
1058 1059 1060 1061 1062 1063 1064 1065 1066 1067 1068 1069 301 1070 1071 1072 53 325 509 
1025 135 17 21 665 155 1073 1074 1075 1076 1077 1078 1079 1080 1081 1082 1083 1084 1085 84 733 750 119 255 
541 20 6 536 242 307 23 533 534 535 21 537 538 539 540 29 542 543 
1088 1089 450 1090 390 8 682 16 119 84 150 695 829 1086 1087 
1091 1092 1093 1094 1095 1096 1097 1098 1099 362 109 1100 1101 1102 1103 21 
544 545 546 547 352 548 549 550 551 552 234 553 554 555 475 
352 448 449 106 119 439 440 441 442 443 444 445 446 447 
400 155 416 417 418 419 420 421 422 423 424 425 426 427 304 77 362 106 116 119 
330 332 1104 1105 1106 1107 1108 1109 145 1110 1111 150 1112 190 
931 228 229 106 171 175 176 283 179 180 851 1113 1114 1115 701 190 
516 283 931 291 175 437 189 77 723 600 1116 1117 94 1118 1120 1121 1122 1119 228 229 
1123 1124 1125 518 1126 587 527 1108 469 
768 9 106 425 175 52 437 310 832 836 1127 1128 1129 1130 1131 1132 1133 1134 1135 1136 1137 1138 1139 
432 381 66 1143 469 885 378 369 370 379 1140 373 1141 1142 1144 1145 1146 1147 1148 1149 1150 
103 496 497 498 499 500 501 502 503 504 505 506 507 508 255 
1152 1153 1154 292 8 330 109 272 16 401 789 1016 574 1151 
1155 1156 1157 195 1158 1159 1160 682 1032 45 109 591 208 978 376 155 287 
1161 1162 1163 812 1164 1165 1166 1167 1168 248 190 927 
1091 1092 1093 1094 1095 1096 1097 1098 1099 362 109 1100 1101 1102 1103 21 
512 513 514 515 516 517 518 519 520 511 77 17 53 215 220 509 510 63 
352 448 449 106 119 439 440 441 442 443 444 445 446 447 
541 20 6 536 242 307 23 533 534 535 21 537 538 539 540 29 542 543 
400 155 416 417 418 419 420 421 422 423 424 425 426 427 304 77 362 106 116 119 
208 1169 1170 1171 83 1172 1173 885 190 
8 784 16 915 1174 1175 1176 793 1178 1179 1177 795 1182 1180 797 1181 799 1183 1184 315 190 332 83 613 362 884 
8 144 16 17 793 1185 1186 1187 1188 1189 1190 1191 1192 1193 1194 1195 1196 425 1197 822 707 84 103 628 119 
320 1198 1199 1200 1201 1202 1203 1204 1205 180 119 1206 1207 83 
1123 1124 1125 518 1126 587 527 1108 469 
1216 1217 1218 618 942 1202 1213 1208 1209 1210 1211 1212 701 1214 1215 
779 21 432 310 321 1091 1092 1093 1094 1095 1096 1219 1097 1098 1099 1100 1101 1102 1103 362 109 1220 1150 
1221 134 1222 1223 1033 1224 1225 1226 1227 374 701 
1164 279 27 796 304 441 190 1228 1229 1230 1231 1232 1233 1234 1235 1236 1237 1238 1239 1240 1241 475 93 354 
909 533 52 437 190 77 84 1242 1243 1244 1245 1246 1247 1248 1249 1250 1251 1252 1253 1254 103 1255 
1251 1256 1257 1258 1259 1260 1261 119 
1161 1162 1163 812 1164 1165 1166 1167 1168 248 190 927 
131 8 1262 1263 1264 1265 1266 723 1267 16 215 344 316 223 
518 618 1275 1268 1269 1270 1271 1272 1273 1274 21 1276 1277 1278 
1280 1281 1282 1283 1284 1285 1286 1287 8 898 1288 270 1039 312 190 320 84 222 764 1279 
1289 1290 1291 1292 1293 1294 1295 1296 469 190 
1297 1298 1299 1300 1301 1302 1303 1304 1305 20 155 803 176 180 315 966 715 77 340 103 621 
1312 1313 1314 1315 1316 1317 267 304 83 413 409 1306 1307 1308 1309 1310 1311 
1318 1319 1320 1321 234 970 8 359 1322 303 16 750 723 119 155 
1185 425 1323 1324 1325 1326 1327 1328 305 1329 1330 1331 1332 1333 1334 438 1335 1336 1337 103 625 
992 1150 109 14 1338 1339 1340 1341 1342 
1344 1345 1346 1347 1348 1349 8 432 1108 508 1343 
1164 279 27 796 304 441 190 1228 1229 1230 1231 1232 1233 1234 1235 1236 1237 1238 1239 1240 1241 475 93 354 
613 1350 1351 1352 9 1353 106 667 
6 26 804 548 45 953 325 71 1354 1355 1356 1357 1358 1359 1360 1361 1362 1363 1364 1365 1366 
512 513 514 515 516 517 518 519 520 511 77 17 53 215 220 509 510 63 
909 533 52 437 190 77 84 1242 1243 1244 1245 1246 1247 1248 1249 1250 1251 1252 1253 1254 103 1255 
134 392 393 394 395 396 397 398 399 400 401 402 155 190 77 86 345 346 103 374 
8 776 540 807 76 207 83 727 1368 1369 1370 1371 1372 1373 1374 1367 1376 1377 1378 1375 1379 1380 103 630 506 
1381 1382 1383 1384 1385 1386 103 1387 1108 84 796 126 
351 103 8 27 87 16 340 341 342 343 344 345 346 347 348 349 350 255 
481 901 391 9 1388 1389 207 184 190 894 895 
6 519 17 31 800 807 935 679 825 207 722 733 618 237 1390 1391 1392 1393 1394 110 1395 1396 1397 1398 
1408 1409 386 1410 133 776 17 276 152 65 1102 106 1399 1400 1401 1402 1403 1404 1405 1406 1407 
1161 1162 1163 812 1164 1165 1166 1167 1168 248 190 927 
1411 1412 1413 1414 1415 1416 1417 1044 283 1181 931 680 171 172 175 180 184 189 190 583 1099 77 103 106 1140 119 
193 103 170 1418 1419 1420 878 1421 176 145 723 1139 189 344 509 
514 1288 1422 1423 1424 1425 1426 399 1427 1428 1429 807 437 445 843 210 215 344 222 103 104 
1 1284 517 1430 1431 1432 1433 1434 27 1435 1436 1437 1438 1439 1440 53 199 338 613 109 
1318 1319 1320 1321 234 970 8 359 1322 303 16 750 723 119 155 
1312 1313 1314 1315 1316 1317 267 304 83 413 409 1306 1307 1308 1309 1310 1311 
1441 1442 1443 1444 1380 1445 103 129 234 112 400 437 826 155 
1446 1447 1448 1449 6 1450 1451 77 1357 1452 1453 1454 1455 1456 628 
998 680 106 1420 332 175 1457 1458 1459 756 213 1460 983 984 1461 315 573 
1058 1059 1063 1064 1065 1067 1068 1069 301 1070 1261 53 1462 1463 509 
1185 425 1323 1324 1325 1326 1327 1328 305 1329 1330 1331 1332 1333 1334 438 1335 1336 1337 103 625 
962 134 201 425 112 437 1464 1465 1466 1467 1468 1469 1470 
131 8 1262 1263 1264 1265 1266 723 1267 16 215 344 316 223 
1472 1473 962 1474 1475 1476 1224 83 315 1471 
896 900 901 6 905 1301 935 53 184 190 449 1477 1478 1479 1480 1481 84 217 119 894 895 
36 969 1482 1483 1484 77 1485 1486 1487 1488 750 319 
1495 516 1496 367 144 1489 1490 1491 1492 53 1493 628 1494 1497 1498 478 375 
1504 390 1450 811 1139 628 758 1499 1500 1501 1502 1503 
1505 1506 1507 803 519 1354 1361 1170 1171 852 885 346 222 
1217 1218 1508 1509 1033 330 333 942 654 627 52 1213 1215 
1380 1510 1511 1512 1513 1514 1515 684 77 1420 175 176 106 723 253 
1 1411 103 680 618 1516 1517 1518 1519 656 982 983 984 988 184 
1297 1298 1299 1300 1301 1302 1303 1304 1305 20 155 803 176 180 315 966 715 77 340 103 621 
1527 803 39 8 1528 138 303 1520 1521 1522 1523 1524 53 1525 119 344 1526 319 
1185 676 198 199 680 618 106 1516 1517 207 184 1529 1530 1531 1532 1533 1534 
1536 1537 962 1538 1508 1539 1540 1541 1542 1543 77 334 1357 915 182 413 190 1535 
1544 1545 1546 1547 268 1548 1549 1550 1551 17 169 42 171 174 180 188 84 1245 1150 
1251 1256 1257 1258 1259 1260 1261 119 
1344 1345 1346 1347 1348 1349 8 432 1108 508 1343 
1504 929 1559 103 109 463 1552 1553 1554 1555 52 1556 1557 1558 1560 1561 284 1502 
1562 155 1563 1564 1565 1566 1568 1569 1570 1571 1567 1572 1573 171 175 303 1458 565 697 189 613 1002 109 
260 286 1574 1575 1576 1577 1578 1579 1580 1581 1582 175 565 953 315 843 847 723 121 
