1 2 3 4 5 6 7 8 9 10 11 12 13 14 15 16 17 18 19 20 21 22 23 24 25 
4 5 15 20 25 26 27 28 29 30 31 32 33 34 35 36 37 38 39 40 41 42 43 44 45 46 47 48 
4 15 49 50 51 20 
4 5 15 51 52 53 54 55 56 57 58 59 60 61 62 63 64 65 66 67 68 69 
4 5 15 37 38 51 70 71 72 73 74 75 76 77 78 79 80 81 82 83 84 85 86 87 88 
4 5 15 20 24 89 90 91 92 93 94 95 96 97 98 99 100 101 102 
4 5 103 104 105 106 107 108 109 15 
4 5 108 110 111 112 113 114 115 116 117 15 118 119 121 122 123 120 
128 129 130 131 4 5 132 133 134 135 136 137 138 139 140 15 141 142 143 144 20 145 146 147 63 87 91 99 107 124 125 126 127 
5 15 148 149 150 151 152 153 154 155 156 157 158 159 160 161 162 163 164 165 166 167 42 84 87 106 108 127 
4 5 168 169 170 15 116 
4 5 37 106 171 172 173 174 15 175 176 177 170 178 55 
4 5 174 15 179 180 20 
4 5 15 181 182 183 184 185 186 187 188 189 190 191 192 193 194 62 195 196 70 197 72 198 199 200 107 123 
4 5 138 15 158 38 170 176 63 201 202 203 204 205 206 207 208 209 210 211 212 213 214 215 87 216 
4 5 15 20 149 25 180 217 218 219 220 221 222 223 224 225 226 227 228 229 230 105 106 
5 231 232 233 234 235 236 237 238 15 25 
4 5 15 169 62 199 201 74 214 247 224 227 249 102 106 239 240 241 242 243 244 245 246 116 248 121 250 251 252 
256 257 258 259 260 5 261 262 263 264 265 266 267 268 269 15 143 35 72 82 85 220 102 232 108 253 254 255 
4 5 266 13 270 271 272 273 274 275 276 277 278 15 279 280 20 281 24 282 38 201 143 220 106 108 121 122 123 
4 5 15 20 25 283 284 285 286 287 288 289 290 291 292 293 294 201 84 216 
4 5 15 20 25 161 295 296 297 298 299 300 301 302 303 304 305 306 307 308 309 310 311 312 62 85 107 122 
4 5 137 15 166 313 314 315 316 317 318 319 320 321 322 323 324 325 326 327 328 329 200 78 216 92 
38 330 331 332 333 334 335 336 337 182 22 
64 193 232 107 238 177 338 339 340 341 342 343 121 
352 353 354 106 344 345 346 347 348 349 350 351 
102 134 20 167 227 375 355 356 357 358 359 232 360 361 362 363 107 364 365 366 367 368 369 370 371 372 373 374 376 
384 121 385 232 144 377 378 379 380 381 382 383 
384 386 387 388 389 390 391 144 167 322 355 232 377 372 121 378 379 380 381 382 383 
35 101 392 361 393 108 85 22 
35 101 392 361 394 395 396 397 398 108 85 22 
384 232 361 106 399 400 401 402 403 381 383 
407 38 167 330 331 332 333 334 335 337 404 405 182 406 408 372 22 
386 409 410 411 412 413 414 415 25 167 190 320 344 345 346 347 348 349 350 351 352 353 232 361 106 372 
384 399 401 402 403 416 417 418 419 420 421 422 232 361 106 107 372 121 381 383 
4 423 424 425 426 427 332 13 428 335 429 284 
13 167 424 425 427 429 430 431 432 433 434 435 436 437 438 439 440 441 335 346 222 361 108 
147 25 28 442 443 444 445 446 447 448 449 450 451 452 453 454 205 361 121 
13 160 167 424 425 427 429 430 431 432 433 434 435 436 439 440 441 455 456 335 346 222 361 108 
4 13 284 160 423 424 425 426 427 428 429 440 442 315 457 458 459 332 460 335 222 99 121 
384 257 399 409 167 48 330 461 462 463 464 465 466 467 468 469 470 471 472 473 474 475 476 361 106 372 251 
480 481 482 166 232 361 137 13 369 434 372 477 478 479 
480 481 482 483 166 232 361 137 13 369 434 372 477 479 
257 418 434 182 473 224 355 484 485 486 487 488 361 489 107 490 491 492 493 494 495 371 372 120 
232 361 490 496 497 498 83 499 500 351 
232 361 106 170 372 501 502 503 504 505 506 507 508 509 510 511 
512 513 514 515 516 517 518 519 520 521 522 523 524 525 526 527 528 529 530 531 20 532 150 22 38 85 361 494 372 
4 264 533 534 535 536 537 538 539 540 541 542 543 544 545 546 547 548 549 427 428 177 201 361 107 241 372 
399 409 25 550 551 552 553 554 457 83 216 351 224 232 361 490 492 496 497 498 499 372 
199 555 556 557 558 559 560 561 562 563 564 238 
72 106 569 372 565 566 567 568 89 570 571 572 573 
279 574 575 576 577 578 579 580 581 582 583 584 585 586 587 588 589 590 591 213 232 361 372 121 
25 417 167 592 593 594 595 596 597 598 599 600 601 602 603 604 230 232 361 372 247 
608 609 610 611 612 232 361 372 605 606 607 
613 614 615 616 617 618 619 620 621 372 190 
608 192 609 610 611 612 232 361 622 372 605 606 
418 192 586 465 209 343 605 606 608 609 610 611 612 631 232 361 106 623 624 625 626 627 628 372 629 630 
227 167 232 361 623 496 372 632 633 634 635 636 447 
418 192 586 209 343 605 606 608 609 610 611 612 232 361 106 623 624 625 627 628 372 629 631 
586 209 343 605 606 607 608 609 610 611 612 232 361 624 625 628 372 629 637 638 
640 641 642 643 644 645 646 531 418 167 54 447 227 232 361 623 496 372 632 633 634 635 636 639 
647 648 649 650 651 652 653 654 655 656 657 180 190 613 614 615 232 616 617 107 618 619 620 621 372 
524 658 659 660 661 662 663 664 665 666 667 668 35 213 85 232 361 490 371 372 
672 673 674 675 676 72 361 106 586 669 670 671 
281 669 670 671 672 673 674 675 676 677 678 679 680 681 42 682 445 199 72 586 460 87 361 106 
20 160 683 684 685 686 687 688 689 690 691 692 693 566 694 695 63 343 221 224 232 361 108 372 121 
4 530 536 304 696 697 698 699 700 701 702 703 704 705 706 707 708 584 90 97 102 232 361 372 
129 643 415 310 440 63 709 710 711 712 713 335 227 232 361 107 623 372 633 
544 232 361 714 715 716 372 28 
20 533 159 429 51 55 317 584 73 717 718 719 720 721 722 723 724 725 726 727 232 623 120 
129 658 533 159 163 429 716 723 725 85 728 729 89 730 731 732 734 733 735 232 247 
129 387 18 20 25 541 670 38 694 63 200 723 725 736 737 738 739 740 741 742 743 232 744 745 746 747 748 
321 742 326 294 106 749 750 751 752 753 658 723 754 725 755 119 429 
167 232 73 759 238 719 720 760 51 756 757 758 723 725 761 
768 769 770 58 723 762 763 764 765 766 767 
771 772 773 774 775 776 199 777 238 723 
4 778 779 780 781 782 783 784 785 786 787 788 789 38 298 199 72 723 83 725 107 108 239 121 
137 658 790 791 792 793 794 795 796 797 798 799 25 800 38 166 42 304 311 63 75 723 725 736 232 121 
771 772 774 775 776 777 801 802 803 804 805 806 807 808 809 810 429 199 723 725 232 238 126 
772 38 774 775 777 811 812 813 814 815 723 20 
20 35 427 816 817 818 819 820 821 822 823 824 825 826 72 723 725 107 628 
707 772 518 38 774 775 777 811 813 814 815 723 20 827 828 
658 20 533 25 544 549 58 829 830 63 832 833 834 831 835 836 326 723 725 96 232 361 108 238 126 
25 837 838 839 840 841 842 843 844 845 846 847 848 849 601 92 102 232 106 107 199 
142 677 427 201 846 850 851 852 853 854 855 856 857 858 859 860 343 861 862 863 232 247 760 
864 865 866 867 868 869 870 871 232 872 42 873 874 481 630 824 
4 20 661 316 199 846 848 106 875 876 877 878 107 879 880 881 882 883 884 885 886 887 888 
736 232 872 74 143 147 252 889 890 891 892 893 
4 20 661 316 199 848 106 875 876 877 878 107 879 880 881 882 883 884 885 886 887 888 
896 897 898 350 121 899 900 901 658 89 894 895 
4 902 903 72 904 106 107 905 137 906 907 908 909 
864 872 910 879 912 911 913 914 915 143 147 87 
916 917 918 919 920 921 922 923 924 925 926 927 928 810 846 232 106 121 126 383 
224 129 929 930 931 932 106 846 497 818 85 121 59 
384 933 934 935 232 201 936 937 938 141 846 403 670 
910 938 939 940 941 942 943 944 945 946 947 948 949 950 951 952 953 106 497 
681 810 846 494 238 402 343 121 954 955 956 957 
960 961 962 963 964 64 167 584 872 715 278 121 541 958 959 
965 966 967 968 969 970 846 238 279 
919 25 923 839 971 972 973 846 974 975 976 977 978 979 980 981 609 232 108 497 757 
4 872 919 982 983 984 985 986 
4 743 264 167 108 143 241 22 121 987 988 989 990 991 
992 993 994 995 
996 997 998 999 1000 149 121 
1001 4 830 
164 232 1002 1003 1004 1005 846 1006 1007 433 370 51 20 
37 872 1008 1009 1010 1011 919 120 88 287 
1024 20 846 89 864 611 232 238 623 497 1012 1013 1014 1015 1016 1017 1018 1019 1020 1021 1022 1023 
1025 1026 1027 1028 962 1029 807 914 121 25 
224 897 387 4 1030 1031 296 1032 205 145 788 60 
4 454 264 1033 1034 1035 1036 846 816 818 440 602 
4 1037 910 911 1038 1039 912 1040 913 1041 1042 914 915 147 287 143 87 89 864 872 879 243 
4 900 137 143 1043 1044 1045 1046 1047 1048 20 1049 48 54 442 199 205 84 736 106 121 127 
129 4 20 1050 1051 1052 1053 1054 1055 1056 929 930 1057 1058 931 932 1059 818 59 708 846 85 602 224 106 108 497 116 121 
864 1060 1061 1062 230 232 810 107 108 497 184 121 923 25 
4 138 143 913 20 922 158 1063 296 1064 1065 1066 1067 1068 1069 1070 1071 1072 1073 1074 308 63 198 584 85 99 872 123 
810 108 846 238 1075 1076 1077 1078 1079 374 121 1080 22 
4 900 807 1081 1082 1083 1084 1085 1086 
4 900 150 807 54 1082 1083 1084 1085 1086 1087 1088 1089 1090 1091 1092 1093 1094 209 
130 4 143 147 279 25 38 681 1069 63 1095 1096 1097 1098 1099 1100 1101 1102 1103 1104 602 220 872 105 106 107 751 383 
864 846 1105 1106 1107 1108 1109 1110 497 1111 315 
264 939 943 946 825 846 1112 1113 1114 1115 1116 1117 1118 1119 1120 1121 1122 1123 1124 1125 232 761 
1126 1127 1128 1129 1130 846 403 20 25 251 1020 127 
259 4 51 82 102 872 234 1131 1132 1133 1134 1135 1136 1137 1138 1139 1140 1141 1142 1143 1144 1145 1146 1147 1148 
1152 1153 1154 1155 1156 1100 20 1149 1079 221 1150 1151 
225 4 1157 1158 1159 1160 1161 137 1162 1163 854 
224 130 227 4 872 1164 1165 187 28 
238 232 872 234 1166 1167 1168 433 1169 1170 1171 1172 1173 1174 1175 85 20 
615 839 108 846 661 1176 1177 1178 1179 1180 25 
864 865 866 867 481 869 871 232 873 42 874 630 1181 
1184 1183 1185 1186 4 1187 176 1073 788 20 1182 63 
160 1188 235 620 846 143 981 697 28 
134 511 18 1189 1190 1191 1192 1193 1194 1195 808 1196 1197 938 308 703 165 1100 846 87 351 108 497 121 126 127 
4 20 25 1198 1199 1200 1201 1202 1203 1204 1205 1206 1207 1208 1209 1210 1211 1212 1213 222 224 227 872 240 241 247 
1216 1217 1218 1219 1220 1221 134 268 108 145 1079 1214 1215 
4 1222 1223 1224 1225 872 238 830 
4 143 1168 25 1064 952 834 1220 1226 1227 1228 1229 1230 1231 1232 1233 846 1234 108 498 247 121 
867 1220 907 846 497 1235 1236 1237 918 1238 25 1214 
4 264 524 1036 20 26 28 284 292 38 1239 1240 1241 1242 1243 1244 102 872 376 
1248 1249 1247 1250 1251 1252 1245 1246 703 
129 866 4 1253 1254 106 205 143 818 121 1083 284 
121 4 38 1255 776 1256 238 658 89 123 62 
4 145 22 64 199 216 473 985 872 1257 1258 1259 1260 1261 1262 107 1263 1264 108 1265 1266 109 1267 1268 1269 
129 4 16 1044 1049 180 58 1210 62 454 201 205 85 225 872 1270 1271 1272 1273 1274 1275 1276 
1280 1281 1282 1283 4 167 296 200 108 846 1277 1278 1279 
1284 1285 4 1286 1287 1288 1289 1290 1291 1292 1293 1294 1295 1296 1108 214 92 110 880 247 1145 639 
4 1297 20 661 316 199 846 848 106 107 876 877 878 879 880 881 882 883 884 885 886 887 888 
4 1298 1299 1300 1301 1302 1303 20 403 25 166 846 1126 1127 1128 1129 251 1020 127 
22 1304 1305 1306 1307 1308 1309 165 38 1062 1064 170 1197 308 58 834 1220 201 846 346 224 227 247 121 1275 
1312 1313 1314 1315 4 711 809 298 1099 846 240 1104 20 533 889 63 1310 1311 
1165 143 785 1316 1317 1318 1319 1320 1321 1322 1323 1324 1325 433 1073 63 70 711 96 232 891 
384 1062 873 106 874 1326 1327 1328 1329 1330 853 757 541 
4 900 137 266 147 1331 1332 1333 1334 1335 1336 184 1337 193 716 214 216 872 106 108 121 890 127 
121 1125 491 846 84 949 89 1338 1339 1340 1341 1342 1343 
166 1063 1076 313 1214 1344 1345 1346 1347 1348 1349 1350 1351 1352 1353 1354 846 89 864 623 1012 373 127 
4 533 25 1308 37 1326 177 1332 199 1355 1356 1357 1358 1359 1360 1361 1362 211 1363 1364 1365 88 858 872 121 
137 13 143 25 164 58 581 69 201 843 78 1366 1367 1368 1369 1370 347 1371 598 1372 1373 349 1374 1375 106 108 1269 
1376 1377 1378 1379 1380 170 492 109 143 115 20 531 
137 143 531 20 1313 37 170 1067 74 598 216 860 1377 1378 1379 1380 1381 1382 1383 492 109 238 497 115 244 1270 121 
581 69 201 137 843 1370 13 143 598 1369 58 1373 25 
137 143 25 287 165 167 176 333 598 102 230 1384 1385 1386 107 1387 238 879 883 
