1 2 3 4 5 6 
7 8 9 10 11 12 
13 14 15 16 17 18 19 20 21 
22 23 24 25 26 27 
32 33 34 35 36 37 6 28 29 30 31 
40 38 39 
41 42 43 
43 44 45 46 
37 44 47 48 49 50 51 52 20 53 54 
1 37 46 51 55 56 57 58 59 60 61 62 
64 65 66 67 39 14 54 63 
26 68 69 70 
71 72 73 74 46 
75 76 77 
78 79 
80 81 
43 82 26 
83 84 85 86 
88 26 72 87 
89 90 91 92 
72 80 93 94 95 
13 80 90 96 97 98 99 100 101 102 103 104 105 106 107 108 109 110 111 
26 69 13 
112 113 114 
26 115 116 
47 117 86 119 118 120 
121 122 123 
39 77 124 125 126 
128 129 130 131 132 133 134 135 136 137 138 139 140 141 21 26 40 46 61 127 
12 77 142 143 
144 145 
131 6 137 13 146 147 148 149 150 151 152 153 26 154 155 156 157 158 160 161 159 162 163 40 86 
131 164 93 
80 37 165 
93 166 
123 131 167 
168 169 
170 171 172 13 
26 173 77 143 
65 174 175 176 49 
177 178 179 180 
184 181 182 183 
1 5 136 141 21 25 26 35 185 186 187 188 189 190 191 192 193 194 195 196 197 198 199 
131 6 13 144 147 151 26 154 155 156 157 158 159 161 163 40 54 200 201 202 203 204 205 206 123 
133 135 140 21 26 44 46 207 208 209 210 211 212 213 214 215 216 217 218 219 220 
141 221 222 223 
6 33 37 40 84 86 224 225 226 227 228 229 230 231 232 233 234 107 235 236 237 238 239 240 111 
37 6 107 44 46 241 242 243 244 213 245 246 248 26 247 92 
35 132 36 134 74 240 146 210 249 250 251 252 191 
26 43 61 46 
256 129 257 258 259 260 134 6 11 16 25 26 40 202 247 107 245 119 253 254 255 
261 262 263 139 26 
65 26 264 265 266 267 268 13 78 143 77 139 111 74 269 117 154 
1 74 139 43 
46 61 78 
131 133 12 270 271 272 273 274 275 276 277 278 151 21 26 156 159 163 40 193 224 
34 40 43 279 26 220 
131 133 12 270 271 272 273 274 275 276 277 278 151 21 26 156 159 163 40 193 224 
266 26 116 
46 61 78 
266 26 116 
131 133 12 270 271 272 273 274 275 276 277 278 151 21 26 156 159 163 40 193 224 
288 289 37 43 46 79 214 280 281 282 283 284 285 286 287 
291 290 26 37 
26 292 141 
43 293 294 
193 37 295 296 297 26 
210 43 
68 201 298 299 300 301 
292 221 141 
65 230 134 40 298 299 302 303 304 252 
65 26 264 265 266 267 268 13 78 143 77 139 111 74 269 117 154 
77 46 143 305 26 
261 262 263 139 306 26 
26 307 308 
26 309 303 
74 43 139 146 310 311 
312 313 314 315 
290 299 77 46 143 141 212 57 
34 40 43 279 26 220 
266 26 116 
131 139 277 21 151 26 156 159 163 37 40 44 316 317 318 319 320 321 193 322 323 324 70 212 86 253 
65 325 
74 326 327 
131 6 137 13 147 148 149 150 151 152 153 26 154 155 156 157 158 160 161 159 162 163 40 200 86 
128 328 329 330 331 299 332 333 26 93 
131 164 93 
26 221 334 143 
131 164 93 
163 264 40 299 335 336 337 146 338 339 119 26 
258 153 263 74 13 340 249 26 
46 61 78 
34 26 344 202 346 347 308 341 342 343 56 345 250 247 348 
224 65 352 353 354 34 355 356 328 40 303 86 151 349 350 351 
42 315 12 357 
358 359 360 42 109 26 251 
224 65 352 353 354 34 355 356 328 40 303 86 151 349 350 351 
288 361 362 363 
299 364 365 366 367 368 369 274 370 371 246 119 86 31 127 
128 131 35 134 327 299 49 372 373 374 340 376 375 93 191 
74 139 43 146 377 
313 378 315 314 
379 86 
210 43 
34 40 43 380 26 220 
256 129 257 259 260 134 40 202 78 16 119 26 247 255 
74 139 12 77 78 143 111 146 26 
384 385 386 387 37 8 10 46 19 214 92 381 382 383 
141 221 222 223 
131 164 93 
134 40 298 302 303 252 
74 326 327 
68 134 40 201 298 299 300 301 302 303 252 
68 201 298 299 300 301 
256 129 257 259 260 134 40 202 331 78 16 119 26 247 255 
388 389 390 391 392 54 
355 230 39 40 393 394 395 299 396 397 398 399 217 157 
195 35 137 74 299 400 401 116 340 249 191 
145 402 403 86 153 
404 405 406 407 
280 409 408 263 
298 411 410 
54 119 412 93 413 
385 132 135 139 140 21 26 414 415 416 417 418 419 37 46 69 210 212 220 113 
420 421 422 54 119 
424 425 423 
193 37 296 426 21 25 26 
427 428 
313 314 315 429 
289 358 390 327 299 430 431 432 433 434 116 54 26 
423 435 436 437 438 
128 26 131 36 134 299 271 146 54 439 440 250 93 
26 133 43 77 46 212 310 441 442 443 157 
444 445 446 
81 339 447 
448 74 299 92 
449 450 107 43 244 93 
451 452 453 454 455 232 456 457 458 199 37 46 146 54 348 
258 450 73 218 459 460 461 78 462 463 464 210 465 119 25 26 220 
65 7 300 78 466 26 
40 465 467 26 93 
166 139 146 468 86 156 93 
199 473 46 431 469 470 471 472 25 26 157 
266 26 116 
131 164 93 
474 475 140 
266 26 116 
326 327 232 74 476 
34 475 
477 26 37 117 
478 479 
141 221 222 223 
480 481 482 483 484 485 486 202 46 86 
487 488 40 42 74 489 119 26 
26 490 491 375 
160 43 492 493 494 300 211 
131 6 137 13 147 148 149 150 151 152 153 26 154 155 156 157 158 160 161 159 162 163 40 200 86 
266 26 116 
86 495 
496 299 92 87 
161 74 497 308 26 
18 410 498 367 
499 6 303 
26 500 501 502 
160 357 392 14 372 54 503 504 505 410 
26 357 410 54 87 506 507 508 509 
512 161 513 514 390 495 54 86 410 510 511 
515 516 517 54 
289 358 519 518 520 78 212 26 
36 521 308 279 26 375 
523 522 211 410 
128 26 131 36 134 299 271 146 54 439 440 250 93 
356 37 200 72 524 204 499 26 31 
68 134 40 201 298 299 300 301 302 303 252 
230 299 525 116 29 
386 46 527 526 26 
528 529 
530 531 532 533 534 535 536 537 538 539 540 37 44 46 61 205 213 475 93 
