1 2 3 4 5 6 7 
8 9 10 11 12 13 14 15 16 17 18 19 20 21 22 23 24 25 26 
32 33 34 35 36 37 38 12 16 19 27 28 29 30 31 
39 40 41 42 43 31 
39 42 44 45 46 47 48 49 50 51 22 31 
32 10 63 52 53 54 55 56 57 58 59 60 61 62 31 
64 65 66 67 68 69 70 71 15 26 
1 10 15 23 31 48 72 73 74 75 76 77 78 79 80 81 82 83 84 85 86 87 
10 15 17 26 36 88 89 90 91 92 93 94 95 96 97 98 99 100 101 
102 103 72 104 105 23 
106 107 108 109 110 15 22 
99 105 10 111 112 113 114 115 15 116 48 117 118 119 
35 127 120 121 122 123 124 125 126 31 
128 129 130 131 132 133 134 135 136 137 10 138 12 23 31 48 50 72 105 
32 33 34 35 36 37 38 12 16 48 19 27 28 29 30 31 
105 139 140 141 142 15 143 144 
99 72 145 146 147 148 149 150 151 152 124 
10 108 153 154 155 156 157 158 
1 2 3 4 5 6 7 
19 23 31 160 161 162 163 164 165 166 167 168 169 170 171 172 159 173 60 63 
32 33 34 35 36 37 38 12 16 19 27 28 29 30 31 
72 174 175 176 177 178 179 180 55 
181 182 183 184 185 186 187 188 189 
10 15 23 155 62 190 191 192 193 194 195 196 197 198 199 200 201 74 202 203 
10 15 27 31 58 187 204 205 206 207 208 209 210 211 212 213 214 215 216 
134 10 15 36 48 55 194 72 203 89 217 218 219 220 221 222 224 225 223 226 
227 228 229 230 231 232 233 10 15 48 22 221 
234 235 236 110 145 19 51 149 86 152 
74 10 237 238 239 240 241 242 23 124 
35 127 120 121 122 123 124 125 126 31 
64 65 66 67 68 69 70 71 15 26 
38 16 243 244 245 26 29 
249 231 233 16 246 247 248 217 250 221 223 
16 251 252 253 254 255 
256 257 258 259 260 261 102 262 72 263 10 264 265 15 54 60 
128 266 267 268 269 270 271 272 15 273 274 
1 39 77 47 49 275 276 277 23 187 
128 278 279 280 281 282 283 155 285 284 287 286 48 51 55 187 22 248 124 
288 289 162 290 291 200 136 10 77 
292 293 294 295 296 297 298 23 
299 300 301 302 303 242 
140 12 15 304 305 19 
99 72 15 306 307 308 309 178 310 312 313 23 311 
50 25 314 315 316 31 
320 321 322 72 149 317 318 319 
270 15 16 22 23 284 29 38 62 323 324 325 326 327 328 329 74 330 331 332 333 203 334 335 336 108 239 245 248 
42 337 338 339 340 341 23 
342 343 344 345 346 347 22 93 
74 86 23 348 349 350 351 
352 353 354 355 356 357 358 359 360 10 
106 107 108 109 110 15 22 
361 362 363 12 364 365 16 22 63 
139 141 142 366 367 15 143 144 26 
1 2 3 4 5 6 7 
102 377 10 77 366 368 337 369 370 371 372 373 374 376 22 23 27 375 
384 378 379 380 381 382 383 
385 386 387 115 22 126 
236 110 145 19 149 86 152 124 63 
10 108 153 154 155 156 157 158 
388 389 390 391 72 392 10 301 50 22 26 
38 16 243 244 245 26 29 
393 394 395 396 397 398 399 400 342 23 31 
67 108 401 402 371 403 404 82 405 
38 16 243 244 245 26 29 
408 266 409 364 15 406 407 120 22 
10 16 22 153 410 411 27 412 413 414 416 417 418 419 415 72 332 82 225 
256 257 258 259 260 261 102 262 72 263 10 264 265 15 54 60 
393 394 395 396 397 398 399 400 342 23 31 
408 266 409 364 15 406 407 120 22 
15 22 23 32 420 421 422 423 424 425 426 427 428 429 430 431 432 433 434 63 207 
67 108 401 402 371 403 404 82 405 
337 435 436 437 438 439 120 124 
16 440 441 442 443 444 445 446 
448 449 450 451 18 447 
194 452 453 454 455 15 48 31 
292 456 457 458 459 460 461 434 26 187 
10 138 462 463 464 15 465 466 23 181 246 183 184 467 186 
420 228 391 10 468 469 470 471 472 473 474 475 476 22 
480 481 482 483 424 10 48 477 478 479 
257 484 485 486 487 488 489 234 395 490 491 365 15 16 23 
408 266 409 364 15 406 407 120 22 
259 492 493 400 54 23 
67 108 401 402 371 403 404 82 405 
130 494 495 496 497 498 499 22 23 27 
363 12 302 500 501 502 503 504 505 506 507 
512 248 508 509 510 511 
513 514 515 516 517 26 518 459 15 186 155 
393 394 395 396 397 398 399 400 342 23 31 
482 101 519 520 140 143 367 144 19 22 26 31 
521 522 523 524 301 462 31 
535 525 526 527 528 145 529 530 531 532 533 534 62 
10 138 462 463 464 15 465 48 466 181 246 183 184 23 186 467 
136 15 536 537 538 539 
542 72 8 316 540 541 94 543 
544 545 546 64 547 548 15 
67 549 550 136 10 78 401 402 403 404 82 405 23 345 
551 72 553 552 554 555 556 22 
101 77 557 558 560 559 14 561 51 22 
102 361 457 10 41 562 563 564 565 410 411 412 
15 16 566 567 568 569 570 571 572 573 574 31 
576 577 578 579 48 26 187 575 
292 456 457 458 459 460 461 434 26 187 
416 580 581 582 583 10 57 27 
337 435 436 437 438 439 120 124 
512 248 508 509 510 511 
128 248 480 287 584 585 10 586 587 48 55 279 280 282 187 286 31 
67 41 588 589 590 591 592 593 563 120 412 
416 226 583 239 594 595 596 27 
128 387 388 132 395 12 15 22 23 284 50 316 63 72 74 597 598 599 600 601 602 480 488 490 491 364 248 250 
608 609 610 611 612 393 155 48 22 23 120 62 250 603 604 605 606 607 
7 10 15 22 23 26 31 63 342 613 614 615 616 617 618 619 620 621 622 623 624 625 626 627 628 
23 629 630 631 632 633 634 
640 1 641 72 12 48 145 149 22 23 152 635 636 637 638 639 
521 522 523 524 301 462 31 
482 101 519 520 140 143 367 144 19 22 26 31 
642 643 644 645 646 647 648 649 650 651 652 653 15 22 27 31 55 72 594 486 115 627 248 
513 514 515 516 517 26 518 459 15 186 155 
228 7 10 12 557 654 655 398 656 657 658 659 22 248 31 
132 10 395 15 19 660 661 662 663 664 23 48 50 52 74 80 599 600 488 234 491 365 239 
10 366 462 120 665 666 667 668 
672 673 674 393 363 336 669 670 671 
675 676 677 678 679 272 187 31 
680 393 682 681 683 684 15 22 
361 362 363 12 364 365 16 22 63 
685 686 687 688 689 23 25 543 
105 15 690 243 691 342 
692 693 694 695 26 31 
32 1 193 10 363 108 590 243 22 696 697 698 699 412 414 
257 484 485 486 487 488 489 234 395 490 491 365 15 16 23 
135 10 19 284 32 700 701 702 703 704 705 706 707 708 356 357 363 365 248 
361 362 363 12 364 365 16 22 63 
709 358 710 712 711 713 714 715 
716 717 718 15 719 720 721 250 
327 393 331 722 723 52 724 342 22 
130 494 495 496 497 498 499 22 23 27 
408 266 409 364 15 406 407 120 22 
361 362 363 12 364 365 16 22 63 
74 727 364 23 725 726 342 
67 549 136 10 78 402 82 405 345 
129 394 332 15 719 728 
530 531 533 729 27 60 62 
259 492 493 400 54 23 
15 48 660 730 731 732 733 734 735 
736 737 641 593 562 372 414 
738 739 740 741 742 743 72 23 
550 744 745 746 524 525 15 120 
38 329 747 26 187 28 
42 748 749 750 751 15 752 
753 754 755 756 757 758 759 760 761 250 155 
64 10 139 141 367 15 143 48 144 26 
764 358 360 713 762 763 92 765 766 31 
768 769 203 22 568 767 
770 771 772 99 773 774 74 145 26 
775 776 777 778 779 780 80 120 
781 782 783 784 785 786 787 48 53 55 248 31 
102 42 270 242 692 788 789 479 
460 527 660 790 791 155 
745 525 19 62 792 793 794 795 796 698 
800 801 802 803 103 15 23 250 797 798 799 
67 804 805 806 807 808 809 810 187 
811 812 813 240 23 31 
358 42 814 815 816 817 250 
818 819 820 85 124 31 
576 10 50 23 821 822 22 253 
823 23 824 825 826 
1 102 105 362 827 828 829 830 831 
832 833 834 297 15 432 22 634 
835 228 836 837 838 839 840 10 841 520 664 15 80 467 22 248 
5 74 843 844 842 845 816 23 
846 847 848 849 850 851 120 126 
271 15 856 852 853 854 855 120 
27 815 857 858 859 860 861 862 863 
864 865 866 867 868 869 200 10 271 15 
870 871 872 873 874 875 876 877 878 207 272 209 23 
870 872 873 10 874 875 877 878 879 272 209 48 23 57 
227 488 10 880 881 882 415 
388 10 140 12 23 292 187 712 714 883 884 885 886 887 888 889 890 891 892 
74 109 80 664 893 894 
896 897 898 5 721 250 895 
899 900 301 46 50 51 31 
417 901 902 903 839 904 10 905 906 907 908 336 248 
771 5 10 909 238 399 910 274 22 23 185 124 
294 102 140 14 911 912 913 914 915 916 726 23 
5 10 12 909 15 917 918 919 920 921 922 923 924 22 23 925 926 168 52 72 332 853 103 248 249 
928 929 930 931 932 933 861 927 
934 935 936 937 12 23 
768 769 203 22 568 767 
938 939 940 941 942 943 337 26 31 
8 944 945 946 947 23 
15 16 22 155 32 48 433 51 948 949 950 951 952 953 954 955 956 332 250 
230 873 944 945 957 958 
960 961 287 232 10 42 755 149 152 153 959 
962 963 964 965 966 967 15 591 566 
968 969 105 819 149 540 831 
231 970 10 971 972 973 15 272 974 155 
525 366 15 16 975 976 22 
977 978 979 980 981 721 
393 42 78 983 982 342 22 63 
10 301 852 854 984 985 986 987 988 
992 993 994 120 859 989 990 991 
