1 2 3 4 5 6 7 8 9 10 11 12 13 14 
15 16 17 18 19 20 21 22 23 24 25 26 27 28 29 30 
32 33 34 35 36 37 38 39 40 41 42 43 31 
44 38 
45 46 
58 47 16 49 48 50 51 52 53 54 55 57 56 
64 65 66 67 68 69 70 71 59 60 61 62 63 
45 46 
72 73 74 
75 76 77 78 79 80 81 82 83 84 85 86 56 
96 97 98 99 56 74 87 88 89 90 91 92 93 94 95 
11 38 41 56 84 100 101 102 103 104 105 106 107 108 109 110 111 112 113 114 115 116 117 118 
120 121 122 119 
11 123 124 
64 65 66 67 68 69 70 71 59 60 61 62 63 
128 129 72 11 125 126 127 
130 131 132 133 4 134 135 136 137 138 139 140 141 12 142 143 144 60 72 84 
97 129 145 146 147 148 149 150 125 
151 152 153 154 155 
160 161 157 156 61 158 159 
64 162 163 164 165 166 167 141 17 56 126 
21 34 168 169 170 171 172 173 174 175 176 177 178 51 179 180 181 182 183 184 185 186 41 82 118 
192 193 130 194 195 196 197 198 199 200 201 181 150 187 188 189 190 191 
12 143 148 21 150 151 158 40 41 45 179 72 202 203 204 205 206 207 208 209 210 211 212 213 214 106 
7 215 216 217 90 156 
224 225 100 56 218 219 220 221 222 223 
160 226 227 228 229 230 231 72 120 190 
232 233 11 
72 234 235 236 156 
134 237 238 239 16 240 241 
12 242 243 244 56 219 
72 40 245 246 247 248 90 219 
7 215 216 217 90 156 
256 257 258 259 142 143 151 158 164 36 37 38 51 56 191 199 82 249 231 121 250 251 252 253 254 255 
3 260 261 262 263 7 264 265 266 267 38 41 51 56 216 217 90 249 118 121 250 124 
131 268 269 270 90 
64 11 141 271 272 273 20 219 
165 11 274 275 276 277 278 62 
194 274 276 21 117 279 280 281 282 283 284 278 
129 12 148 28 285 286 287 288 289 290 291 292 293 294 295 296 297 298 42 299 300 56 187 61 90 
262 21 38 301 302 303 304 305 306 307 308 309 310 56 60 90 218 220 219 221 222 224 223 225 100 
197 313 300 239 316 311 312 249 314 315 124 
320 151 31 317 318 319 
321 322 323 324 325 326 77 
1 11 300 173 175 327 328 329 330 331 332 333 334 335 336 208 337 338 339 340 341 
96 129 226 7 271 49 341 342 343 344 345 346 347 190 
160 352 353 38 104 181 341 189 56 90 219 348 349 350 351 
134 11 160 42 60 328 72 340 341 354 355 356 357 358 359 360 361 362 363 248 125 255 
197 364 365 366 56 
64 11 367 368 369 370 371 372 373 374 56 90 30 
227 134 377 378 375 376 183 56 221 
72 203 144 379 380 
384 385 386 387 388 389 390 391 20 299 303 51 56 57 64 341 219 355 103 359 125 248 381 382 383 
69 392 393 394 395 396 397 111 121 252 
398 399 400 401 402 403 
129 404 198 311 
160 262 358 231 42 11 300 301 405 406 407 408 409 410 411 412 125 413 
416 417 418 35 419 64 300 142 144 93 414 415 
227 420 421 262 419 422 299 142 335 144 86 
160 35 423 72 425 424 426 427 428 339 
56 285 429 
6 104 13 430 431 432 189 
268 433 434 435 436 278 
300 294 
11 308 183 151 377 158 
11 300 174 437 438 439 56 440 441 442 443 444 446 447 445 319 448 449 355 108 117 249 
450 451 452 453 323 454 72 42 11 299 141 271 49 148 213 54 190 
226 69 455 456 457 458 200 300 121 
197 326 459 460 461 462 248 
393 45 463 56 60 
197 392 464 465 466 467 468 
129 392 393 394 395 396 397 425 42 427 56 61 191 69 469 470 471 472 473 474 475 476 477 111 121 252 
72 478 479 
480 481 104 11 372 84 
482 483 484 421 485 103 486 487 202 11 488 489 56 90 27 60 
11 37 56 60 72 331 338 89 100 104 490 491 492 493 494 495 496 497 370 498 499 500 501 
372 502 
8 240 339 21 503 
393 45 463 56 60 
504 150 
512 513 514 515 11 13 271 168 425 181 309 56 331 335 490 106 238 125 248 505 506 507 508 509 510 511 
516 45 461 240 151 249 
517 518 519 520 38 521 522 523 41 174 42 144 401 341 219 125 
11 524 525 526 527 528 529 530 531 532 151 285 38 41 189 199 220 236 109 116 125 
535 197 330 106 427 533 534 151 536 537 538 219 341 125 
387 519 539 540 541 542 543 544 161 38 56 57 450 451 84 351 353 355 103 125 510 
129 534 151 545 546 547 548 549 550 551 552 553 554 555 42 56 70 340 118 511 
137 42 556 557 558 559 413 
393 142 151 413 30 34 38 42 555 560 561 562 563 564 56 60 341 219 351 103 106 113 376 125 126 
565 227 437 
142 56 413 549 38 51 566 567 568 569 570 571 572 573 189 574 575 576 577 323 199 72 331 209 467 109 110 116 125 126 
129 578 579 580 581 582 583 232 72 11 299 208 90 379 285 
584 585 586 587 588 45 589 79 239 590 591 151 
160 579 72 592 593 594 281 
70 106 595 596 597 413 125 62 
197 10 205 431 240 598 599 158 350 
72 338 600 601 602 603 508 
450 102 585 20 181 219 
608 580 329 173 301 151 56 604 605 606 607 
135 11 141 405 166 41 173 56 72 609 610 611 612 613 614 615 616 617 618 619 620 621 622 623 624 497 508 
3 144 30 554 42 436 566 56 84 469 625 626 627 628 629 630 631 632 633 634 635 636 
640 641 642 643 644 520 553 337 220 20 148 248 633 90 60 637 638 639 
160 261 646 645 647 648 649 650 525 304 337 340 90 158 
640 642 644 651 652 653 654 553 554 41 56 60 337 340 90 220 633 636 637 
6 11 655 656 657 658 659 42 300 557 56 60 64 327 332 334 335 337 341 86 623 372 508 
523 660 661 662 663 664 665 151 666 667 668 38 299 180 581 459 335 609 231 618 624 243 116 508 
260 141 271 662 664 669 670 671 672 673 674 675 676 677 678 166 679 680 681 682 683 684 299 300 56 64 199 461 335 508 
9 11 410 28 38 685 686 687 688 689 690 691 308 692 61 327 335 337 338 232 113 
700 4 372 693 694 695 696 697 698 699 540 150 
266 271 37 43 300 701 702 703 704 705 706 707 708 709 710 711 712 713 714 715 716 717 199 248 
581 727 11 728 12 718 719 720 721 722 51 723 405 724 594 725 726 
121 165 183 729 730 
736 737 738 61 731 732 733 734 735 
586 739 148 
226 11 740 
544 741 742 743 744 745 148 56 476 
160 72 746 747 332 525 
6 748 749 750 751 56 158 
752 753 754 347 
194 682 652 525 755 56 
165 231 300 756 757 758 759 90 
760 266 
768 769 16 41 427 72 586 341 473 219 226 236 117 761 762 763 764 765 766 767 
194 770 771 198 583 72 296 759 
772 773 261 326 508 
1 774 775 776 777 778 779 401 405 546 42 43 300 56 61 70 72 589 727 601 473 253 
3 780 781 782 783 784 17 785 786 787 788 789 535 790 278 427 56 69 218 219 654 483 497 
770 144 791 792 793 794 795 796 797 798 799 800 801 422 300 691 199 601 231 749 
90 803 802 215 
320 802 803 804 805 806 807 808 809 810 171 811 812 239 627 
8 813 814 815 688 429 816 144 817 
129 12 42 299 173 818 819 820 821 822 823 824 825 826 827 828 829 61 470 90 
489 90 741 830 
129 266 11 12 142 151 160 38 42 427 812 173 43 818 51 690 825 831 832 833 834 208 728 474 90 736 355 765 
64 257 835 836 755 
837 838 839 840 841 330 842 268 77 749 843 844 231 84 187 60 158 
3 802 803 804 805 806 807 808 809 810 171 811 812 300 320 845 846 473 239 627 
134 8 11 781 141 271 275 21 160 544 60 830 62 70 71 847 848 849 850 851 852 84 853 854 855 856 90 857 
171 125 
129 860 858 859 124 861 
515 196 166 103 42 12 300 401 209 243 470 474 28 862 
42 80 56 156 863 
864 865 866 867 312 868 869 668 840 107 120 124 
773 652 275 21 555 688 436 437 56 444 64 327 72 726 90 219 870 871 872 873 874 875 124 381 
120 393 876 278 
668 869 840 877 878 879 187 124 765 
355 840 72 236 887 880 881 882 883 124 884 885 886 60 
736 355 239 19 21 790 888 889 284 
38 892 843 812 845 43 725 56 890 891 60 893 479 
896 897 898 899 900 60 894 895 
900 901 902 903 584 904 905 197 588 239 465 151 315 124 
906 907 908 909 910 911 11 51 84 311 600 890 
11 912 913 914 51 375 508 
199 171 142 271 275 916 21 915 181 308 917 56 918 
177 11 220 300 
56 231 924 266 459 11 275 919 920 921 90 923 60 925 922 
928 56 926 927 
652 280 929 930 931 932 421 933 934 935 936 937 436 314 457 77 79 471 226 231 630 508 
261 653 655 154 160 938 939 940 941 174 175 942 818 183 451 583 72 736 227 248 255 
802 740 108 943 944 90 
320 227 453 299 300 945 946 947 948 21 949 631 152 60 
728 51 20 950 
34 43 473 300 951 952 151 218 
129 227 11 20 437 953 954 955 956 
960 961 802 962 963 453 90 69 11 268 144 951 120 218 957 958 959 
160 964 965 966 583 231 809 490 522 335 401 601 318 
652 281 41 299 43 817 51 56 60 967 968 969 970 971 972 108 110 755 506 
736 544 973 974 158 
512 515 262 21 285 301 688 51 56 318 958 320 975 976 977 978 979 980 981 982 983 984 601 985 986 733 231 758 
388 11 142 151 544 301 436 199 987 988 989 990 991 992 993 994 995 236 372 
266 11 21 150 291 335 84 996 997 998 999 1000 1001 1002 1003 1004 1005 1006 1007 1008 
519 12 291 555 173 183 56 323 199 82 601 1016 1009 1010 1011 1012 1013 1014 1015 504 1017 1018 254 
1024 133 262 266 12 21 158 31 427 301 197 84 853 985 481 124 762 1019 1020 1021 1022 1023 
1025 1026 1027 1028 1029 262 1030 1031 1032 1033 1034 11 525 142 660 21 285 158 678 41 56 331 985 
133 1035 1036 1037 12 271 142 275 915 916 21 917 918 285 41 171 308 181 56 199 862 248 1020 
