4 #SUP: 780
5 #SUP: 225
10 #SUP: 1956
11 #SUP: 1303
12 #SUP: 904
14 #SUP: 2421
15 #SUP: 1460
18 #SUP: 2003
20 #SUP: 329
21 #SUP: 257
22 #SUP: 395
24 #SUP: 1176
25 #SUP: 417
26 #SUP: 1031
29 #SUP: 636
37 #SUP: 889
40 #SUP: 538
42 #SUP: 2830
51 #SUP: 299
63 #SUP: 212
69 #SUP: 244
72 #SUP: 724
81 #SUP: 1763
84 #SUP: 272
87 #SUP: 371
88 #SUP: 405
93 #SUP: 238
100 #SUP: 289
102 #SUP: 725
103 #SUP: 935
110 #SUP: 1378
111 #SUP: 268
117 #SUP: 211
125 #SUP: 386
126 #SUP: 275
127 #SUP: 207
136 #SUP: 224
140 #SUP: 838
147 #SUP: 241
150 #SUP: 519
166 #SUP: 220
167 #SUP: 843
170 #SUP: 289
171 #SUP: 594
174 #SUP: 242
181 #SUP: 269
187 #SUP: 568
188 #SUP: 309
190 #SUP: 294
191 #SUP: 237
206 #SUP: 431
216 #SUP: 1042
217 #SUP: 439
220 #SUP: 277
231 #SUP: 317
239 #SUP: 629
246 #SUP: 217
255 #SUP: 730
259 #SUP: 276
271 #SUP: 803
275 #SUP: 329
278 #SUP: 515
286 #SUP: 338
287 #SUP: 831
288 #SUP: 539
301 #SUP: 311
309 #SUP: 456
310 #SUP: 809
313 #SUP: 345
315 #SUP: 240
320 #SUP: 254
328 #SUP: 859
334 #SUP: 491
344 #SUP: 299
349 #SUP: 596
352 #SUP: 256
359 #SUP: 269
367 #SUP: 284
372 #SUP: 311
373 #SUP: 674
393 #SUP: 233
395 #SUP: 272
396 #SUP: 373
399 #SUP: 341
407 #SUP: 549
420 #SUP: 251
428 #SUP: 373
433 #SUP: 530
438 #SUP: 216
464 #SUP: 542
470 #SUP: 940
475 #SUP: 245
476 #SUP: 314
477 #SUP: 267
479 #SUP: 380
497 #SUP: 338
498 #SUP: 443
502 #SUP: 238
510 #SUP: 396
512 #SUP: 701
513 #SUP: 249
516 #SUP: 405
527 #SUP: 673
535 #SUP: 216
539 #SUP: 585
545 #SUP: 449
550 #SUP: 298
552 #SUP: 316
556 #SUP: 694
561 #SUP: 220
571 #SUP: 245
584 #SUP: 500
594 #SUP: 249
602 #SUP: 574
613 #SUP: 332
614 #SUP: 537
638 #SUP: 226
643 #SUP: 1223
647 #SUP: 216
662 #SUP: 279
678 #SUP: 389
682 #SUP: 380
688 #SUP: 371
712 #SUP: 385
713 #SUP: 1220
718 #SUP: 216
735 #SUP: 354
742 #SUP: 239
752 #SUP: 464
758 #SUP: 221
761 #SUP: 369
797 #SUP: 260
813 #SUP: 513
842 #SUP: 212
859 #SUP: 1994
860 #SUP: 295
865 #SUP: 256
873 #SUP: 219
889 #SUP: 478
901 #SUP: 486
903 #SUP: 882
911 #SUP: 304
912 #SUP: 332
953 #SUP: 382
959 #SUP: 243
973 #SUP: 246
1000 #SUP: 328
1009 #SUP: 230
1024 #SUP: 376
1037 #SUP: 249
1043 #SUP: 212
1092 #SUP: 310
1109 #SUP: 337
1132 #SUP: 784
1181 #SUP: 274
1185 #SUP: 344
1282 #SUP: 421
1301 #SUP: 233
1316 #SUP: 241
1367 #SUP: 279
1372 #SUP: 226
1568 #SUP: 248
1666 #SUP: 391
1697 #SUP: 282
1901 #SUP: 270
1902 #SUP: 567
2180 #SUP: 246
2362 #SUP: 320
2521 #SUP: 302
2577 #SUP: 315
2584 #SUP: 1129
2677 #SUP: 469
3109 #SUP: 393
3373 #SUP: 365
3514 #SUP: 2157
3564 #SUP: 613
3565 #SUP: 633
3626 #SUP: 263
3627 #SUP: 252
3840 #SUP: 248
4000 #SUP: 218
4804 #SUP: 313
6365 #SUP: 284
7135 #SUP: 210
4 10 #SUP: 380
4 42 #SUP: 238
10 11 #SUP: 224
10 12 #SUP: 295
10 14 #SUP: 707
10 14 18 #SUP: 210
10 14 42 #SUP: 273
10 15 #SUP: 330
10 18 #SUP: 498
10 24 #SUP: 273
10 26 #SUP: 266
10 42 #SUP: 665
10 81 #SUP: 320
10 110 #SUP: 293
10 216 #SUP: 253
10 255 #SUP: 234
10 287 #SUP: 231
10 328 #SUP: 213
10 470 #SUP: 220
10 545 #SUP: 223
10 713 #SUP: 226
10 859 #SUP: 400
10 859 3514 #SUP: 370
10 2584 #SUP: 324
10 3514 #SUP: 418
11 14 #SUP: 334
11 15 #SUP: 244
11 18 #SUP: 269
11 37 #SUP: 275
11 42 #SUP: 451
11 81 #SUP: 241
11 859 #SUP: 309
11 859 3514 #SUP: 294
11 3514 #SUP: 358
12 14 #SUP: 221
12 42 #SUP: 302
14 15 #SUP: 349
14 18 #SUP: 582
14 18 42 #SUP: 240
14 24 #SUP: 229
14 26 #SUP: 299
14 37 #SUP: 243
14 42 #SUP: 821
14 42 859 #SUP: 272
14 42 3514 #SUP: 281
14 42 859 3514 #SUP: 251
14 72 #SUP: 225
14 81 #SUP: 477
14 103 #SUP: 283
14 110 #SUP: 417
14 140 #SUP: 234
14 167 #SUP: 224
14 171 #SUP: 277
14 187 #SUP: 288
14 216 #SUP: 459
14 271 #SUP: 244
14 278 #SUP: 213
14 287 #SUP: 285
14 310 #SUP: 218
14 328 #SUP: 290
14 349 #SUP: 222
14 373 #SUP: 230
14 470 #SUP: 311
14 512 #SUP: 229
14 556 #SUP: 230
14 614 #SUP: 296
14 643 #SUP: 304
14 713 #SUP: 434
14 713 859 #SUP: 302
14 713 3514 #SUP: 338
14 713 859 3514 #SUP: 296
14 859 #SUP: 696
14 859 3514 #SUP: 646
14 2584 #SUP: 471
14 3514 #SUP: 738
15 18 #SUP: 328
15 26 #SUP: 239
15 42 #SUP: 494
15 81 #SUP: 272
15 643 #SUP: 214
15 713 #SUP: 221
15 859 #SUP: 381
15 859 3514 #SUP: 357
15 3514 #SUP: 424
18 24 #SUP: 223
18 26 #SUP: 210
18 42 #SUP: 706
18 42 859 #SUP: 208
18 42 3514 #SUP: 225
18 81 #SUP: 361
18 110 #SUP: 290
18 216 #SUP: 273
18 470 #SUP: 207
18 643 #SUP: 277
18 713 #SUP: 299
18 713 859 #SUP: 221
18 713 3514 #SUP: 233
18 713 859 3514 #SUP: 213
18 859 #SUP: 499
18 859 3514 #SUP: 475
18 2584 #SUP: 276
18 3514 #SUP: 559
24 42 #SUP: 284
24 81 #SUP: 338
24 110 #SUP: 246
24 859 #SUP: 280
24 859 3514 #SUP: 251
24 3514 #SUP: 279
26 42 #SUP: 316
26 81 #SUP: 291
26 859 #SUP: 226
26 859 3514 #SUP: 219
26 3514 #SUP: 249
37 42 #SUP: 215
37 859 #SUP: 228
37 859 3514 #SUP: 211
37 3514 #SUP: 254
40 42 #SUP: 207
42 72 #SUP: 257
42 81 #SUP: 507
42 102 #SUP: 227
42 103 #SUP: 279
42 110 #SUP: 441
42 140 #SUP: 257
42 167 #SUP: 275
42 216 #SUP: 311
42 239 #SUP: 209
42 255 #SUP: 246
42 271 #SUP: 257
42 287 #SUP: 243
42 310 #SUP: 221
42 328 #SUP: 269
42 373 #SUP: 258
42 470 #SUP: 296
42 512 #SUP: 273
42 527 #SUP: 241
42 602 #SUP: 227
42 643 #SUP: 396
42 713 #SUP: 417
42 713 859 #SUP: 306
42 713 3514 #SUP: 319
42 713 859 3514 #SUP: 299
42 813 #SUP: 207
42 859 #SUP: 672
42 859 3514 #SUP: 614
42 903 #SUP: 259
42 903 1132 #SUP: 208
42 1132 #SUP: 237
42 2584 #SUP: 372
42 3514 #SUP: 719
42 3564 #SUP: 242
42 3564 3565 #SUP: 242
42 3565 #SUP: 246
81 110 #SUP: 288
81 216 #SUP: 209
81 713 #SUP: 223
81 859 #SUP: 308
81 859 3514 #SUP: 286
81 2584 #SUP: 212
81 3514 #SUP: 332
102 140 #SUP: 373
103 859 #SUP: 281
103 3514 #SUP: 299
103 859 3514 #SUP: 259
110 713 #SUP: 217
110 859 #SUP: 286
110 859 3514 #SUP: 265
110 3514 #SUP: 324
140 859 #SUP: 223
140 3514 #SUP: 222
216 859 #SUP: 332
216 859 3514 #SUP: 296
216 2584 #SUP: 259
216 3514 #SUP: 342
328 2584 #SUP: 305
373 3514 #SUP: 210
407 713 #SUP: 207
470 859 #SUP: 229
470 3514 #SUP: 251
470 859 3514 #SUP: 207
476 1901 #SUP: 207
512 859 #SUP: 207
512 3514 #SUP: 211
643 859 #SUP: 265
643 3514 #SUP: 295
643 859 3514 #SUP: 254
713 859 #SUP: 785
713 3514 #SUP: 849
713 859 3514 #SUP: 760
859 3514 #SUP: 1815
889 1666 #SUP: 366
901 903 #SUP: 372
901 1132 #SUP: 274
901 903 1132 #SUP: 267
903 1132 #SUP: 662
3564 3565 #SUP: 610
