4 #SUP: 780
10 #SUP: 1956
11 #SUP: 1303
12 #SUP: 904
14 #SUP: 2421
15 #SUP: 1460
18 #SUP: 2003
20 #SUP: 329
22 #SUP: 395
24 #SUP: 1176
25 #SUP: 417
26 #SUP: 1031
29 #SUP: 636
37 #SUP: 889
40 #SUP: 538
42 #SUP: 2830
72 #SUP: 724
81 #SUP: 1763
87 #SUP: 371
88 #SUP: 405
102 #SUP: 725
103 #SUP: 935
110 #SUP: 1378
125 #SUP: 386
140 #SUP: 838
150 #SUP: 519
167 #SUP: 843
171 #SUP: 594
187 #SUP: 568
206 #SUP: 431
216 #SUP: 1042
217 #SUP: 439
231 #SUP: 317
239 #SUP: 629
255 #SUP: 730
271 #SUP: 803
275 #SUP: 329
278 #SUP: 515
286 #SUP: 338
287 #SUP: 831
288 #SUP: 539
301 #SUP: 311
309 #SUP: 456
310 #SUP: 809
313 #SUP: 345
328 #SUP: 859
334 #SUP: 491
349 #SUP: 596
372 #SUP: 311
373 #SUP: 674
396 #SUP: 373
399 #SUP: 341
407 #SUP: 549
428 #SUP: 373
433 #SUP: 530
464 #SUP: 542
470 #SUP: 940
476 #SUP: 314
479 #SUP: 380
497 #SUP: 338
498 #SUP: 443
510 #SUP: 396
512 #SUP: 701
516 #SUP: 405
527 #SUP: 673
539 #SUP: 585
545 #SUP: 449
552 #SUP: 316
556 #SUP: 694
584 #SUP: 500
602 #SUP: 574
613 #SUP: 332
614 #SUP: 537
643 #SUP: 1223
678 #SUP: 389
682 #SUP: 380
688 #SUP: 371
712 #SUP: 385
713 #SUP: 1220
735 #SUP: 354
752 #SUP: 464
761 #SUP: 369
813 #SUP: 513
859 #SUP: 1994
889 #SUP: 478
901 #SUP: 486
903 #SUP: 882
912 #SUP: 332
953 #SUP: 382
1000 #SUP: 328
1024 #SUP: 376
1109 #SUP: 337
1132 #SUP: 784
1185 #SUP: 344
1282 #SUP: 421
1666 #SUP: 391
1902 #SUP: 567
2362 #SUP: 320
2577 #SUP: 315
2584 #SUP: 1129
2677 #SUP: 469
3109 #SUP: 393
3373 #SUP: 365
3514 #SUP: 2157
3564 #SUP: 613
3565 #SUP: 633
4804 #SUP: 313
4 10 #SUP: 380
10 14 #SUP: 707
10 15 #SUP: 330
10 18 #SUP: 498
10 42 #SUP: 665
10 81 #SUP: 320
10 859 #SUP: 400
10 859 3514 #SUP: 370
10 2584 #SUP: 324
10 3514 #SUP: 418
11 14 #SUP: 334
11 42 #SUP: 451
11 3514 #SUP: 358
14 15 #SUP: 349
14 18 #SUP: 582
14 42 #SUP: 821
14 81 #SUP: 477
14 110 #SUP: 417
14 216 #SUP: 459
14 470 #SUP: 311
14 713 #SUP: 434
14 713 3514 #SUP: 338
14 859 #SUP: 696
14 859 3514 #SUP: 646
14 2584 #SUP: 471
14 3514 #SUP: 738
15 18 #SUP: 328
15 42 #SUP: 494
15 859 #SUP: 381
15 859 3514 #SUP: 357
15 3514 #SUP: 424
18 42 #SUP: 706
18 81 #SUP: 361
18 859 #SUP: 499
18 859 3514 #SUP: 475
18 3514 #SUP: 559
24 81 #SUP: 338
26 42 #SUP: 316
42 81 #SUP: 507
42 110 #SUP: 441
42 216 #SUP: 311
42 643 #SUP: 396
42 713 #SUP: 417
42 713 3514 #SUP: 319
42 859 #SUP: 672
42 859 3514 #SUP: 614
42 2584 #SUP: 372
42 3514 #SUP: 719
81 3514 #SUP: 332
102 140 #SUP: 373
110 3514 #SUP: 324
216 859 #SUP: 332
216 3514 #SUP: 342
713 859 #SUP: 785
713 3514 #SUP: 849
713 859 3514 #SUP: 760
859 3514 #SUP: 1815
889 1666 #SUP: 366
901 903 #SUP: 372
903 1132 #SUP: 662
3564 3565 #SUP: 610
