4 #SUP: 780
10 #SUP: 1956
11 #SUP: 1303
12 #SUP: 904
14 #SUP: 2421
15 #SUP: 1460
18 #SUP: 2003
24 #SUP: 1176
25 #SUP: 417
26 #SUP: 1031
29 #SUP: 636
37 #SUP: 889
40 #SUP: 538
42 #SUP: 2830
72 #SUP: 724
81 #SUP: 1763
102 #SUP: 725
103 #SUP: 935
110 #SUP: 1378
140 #SUP: 838
150 #SUP: 519
167 #SUP: 843
171 #SUP: 594
187 #SUP: 568
206 #SUP: 431
216 #SUP: 1042
217 #SUP: 439
239 #SUP: 629
255 #SUP: 730
271 #SUP: 803
278 #SUP: 515
287 #SUP: 831
288 #SUP: 539
309 #SUP: 456
310 #SUP: 809
328 #SUP: 859
334 #SUP: 491
349 #SUP: 596
373 #SUP: 674
407 #SUP: 549
433 #SUP: 530
464 #SUP: 542
470 #SUP: 940
498 #SUP: 443
512 #SUP: 701
527 #SUP: 673
539 #SUP: 585
545 #SUP: 449
556 #SUP: 694
584 #SUP: 500
602 #SUP: 574
614 #SUP: 537
643 #SUP: 1223
713 #SUP: 1220
752 #SUP: 464
813 #SUP: 513
859 #SUP: 1994
889 #SUP: 478
901 #SUP: 486
903 #SUP: 882
1132 #SUP: 784
1282 #SUP: 421
1902 #SUP: 567
2584 #SUP: 1129
2677 #SUP: 469
3514 #SUP: 2157
3564 #SUP: 613
3565 #SUP: 633
10 14 #SUP: 707
10 18 #SUP: 498
10 42 #SUP: 665
10 3514 #SUP: 418
11 42 #SUP: 451
14 18 #SUP: 582
14 42 #SUP: 821
14 81 #SUP: 477
14 110 #SUP: 417
14 216 #SUP: 459
14 713 #SUP: 434
14 859 #SUP: 696
14 859 3514 #SUP: 646
14 2584 #SUP: 471
14 3514 #SUP: 738
15 42 #SUP: 494
15 3514 #SUP: 424
18 42 #SUP: 706
18 859 #SUP: 499
18 859 3514 #SUP: 475
18 3514 #SUP: 559
42 81 #SUP: 507
42 110 #SUP: 441
42 713 #SUP: 417
42 859 #SUP: 672
42 859 3514 #SUP: 614
42 3514 #SUP: 719
713 859 #SUP: 785
713 3514 #SUP: 849
713 859 3514 #SUP: 760
859 3514 #SUP: 1815
903 1132 #SUP: 662
3564 3565 #SUP: 610
