1 #SUP: 151
3 #SUP: 690
5 #SUP: 140
6 #SUP: 106
7 #SUP: 168
9 #SUP: 589
10 #SUP: 172
11 #SUP: 475
13 #SUP: 89
14 #SUP: 1142
15 #SUP: 274
16 #SUP: 130
21 #SUP: 961
24 #SUP: 355
27 #SUP: 289
29 #SUP: 1667
34 #SUP: 118
36 #SUP: 94
37 #SUP: 115
43 #SUP: 376
47 #SUP: 160
48 #SUP: 629
51 #SUP: 222
52 #SUP: 232
57 #SUP: 94
61 #SUP: 337
62 #SUP: 953
65 #SUP: 127
68 #SUP: 133
78 #SUP: 190
79 #SUP: 151
80 #SUP: 126
84 #SUP: 88
87 #SUP: 506
90 #SUP: 139
94 #SUP: 345
96 #SUP: 689
99 #SUP: 282
103 #SUP: 123
110 #SUP: 210
111 #SUP: 90
119 #SUP: 364
121 #SUP: 117
122 #SUP: 503
123 #SUP: 244
126 #SUP: 110
127 #SUP: 88
133 #SUP: 147
140 #SUP: 144
143 #SUP: 148
145 #SUP: 119
151 #SUP: 353
158 #SUP: 84
164 #SUP: 170
166 #SUP: 159
176 #SUP: 762
178 #SUP: 405
182 #SUP: 192
184 #SUP: 103
185 #SUP: 243
189 #SUP: 76
192 #SUP: 77
194 #SUP: 174
195 #SUP: 372
196 #SUP: 256
205 #SUP: 316
206 #SUP: 393
209 #SUP: 146
211 #SUP: 127
216 #SUP: 139
220 #SUP: 447
226 #SUP: 233
236 #SUP: 176
242 #SUP: 275
245 #SUP: 104
247 #SUP: 118
252 #SUP: 116
261 #SUP: 152
266 #SUP: 135
267 #SUP: 283
287 #SUP: 100
289 #SUP: 95
291 #SUP: 138
292 #SUP: 201
295 #SUP: 153
299 #SUP: 270
304 #SUP: 250
305 #SUP: 82
314 #SUP: 137
317 #SUP: 86
319 #SUP: 446
327 #SUP: 280
329 #SUP: 84
331 #SUP: 151
356 #SUP: 244
361 #SUP: 128
362 #SUP: 141
364 #SUP: 194
383 #SUP: 151
384 #SUP: 256
385 #SUP: 123
388 #SUP: 103
396 #SUP: 134
397 #SUP: 241
399 #SUP: 312
400 #SUP: 127
403 #SUP: 119
404 #SUP: 171
418 #SUP: 85
423 #SUP: 450
425 #SUP: 311
426 #SUP: 309
431 #SUP: 222
437 #SUP: 160
439 #SUP: 159
444 #SUP: 80
455 #SUP: 109
464 #SUP: 262
469 #SUP: 188
476 #SUP: 153
489 #SUP: 231
491 #SUP: 281
512 #SUP: 125
514 #SUP: 137
516 #SUP: 91
518 #SUP: 90
534 #SUP: 174
535 #SUP: 121
539 #SUP: 157
544 #SUP: 105
546 #SUP: 127
548 #SUP: 97
555 #SUP: 76
565 #SUP: 147
566 #SUP: 745
572 #SUP: 112
587 #SUP: 94
594 #SUP: 162
595 #SUP: 144
603 #SUP: 201
609 #SUP: 150
610 #SUP: 234
616 #SUP: 80
619 #SUP: 100
623 #SUP: 330
634 #SUP: 94
639 #SUP: 107
643 #SUP: 625
653 #SUP: 219
666 #SUP: 126
669 #SUP: 92
673 #SUP: 109
684 #SUP: 99
687 #SUP: 327
699 #SUP: 1159
700 #SUP: 191
705 #SUP: 169
711 #SUP: 136
714 #SUP: 88
720 #SUP: 238
726 #SUP: 169
727 #SUP: 155
730 #SUP: 115
749 #SUP: 578
754 #SUP: 180
755 #SUP: 146
770 #SUP: 151
789 #SUP: 162
790 #SUP: 97
795 #SUP: 122
808 #SUP: 80
839 #SUP: 220
845 #SUP: 94
846 #SUP: 78
851 #SUP: 84
853 #SUP: 78
855 #SUP: 121
865 #SUP: 118
871 #SUP: 287
874 #SUP: 173
890 #SUP: 478
897 #SUP: 109
904 #SUP: 95
916 #SUP: 78
930 #SUP: 81
937 #SUP: 136
941 #SUP: 192
953 #SUP: 92
959 #SUP: 83
978 #SUP: 146
993 #SUP: 147
1005 #SUP: 266
1028 #SUP: 96
1061 #SUP: 320
1074 #SUP: 115
1080 #SUP: 123
1099 #SUP: 98
1122 #SUP: 146
1156 #SUP: 76
1166 #SUP: 81
1228 #SUP: 80
1244 #SUP: 115
1255 #SUP: 116
1297 #SUP: 83
1300 #SUP: 79
1309 #SUP: 79
1333 #SUP: 207
1359 #SUP: 98
1409 #SUP: 98
1423 #SUP: 115
1456 #SUP: 142
1526 #SUP: 160
1528 #SUP: 256
1587 #SUP: 79
1596 #SUP: 77
1621 #SUP: 78
1749 #SUP: 109
1808 #SUP: 79
1857 #SUP: 77
2023 #SUP: 177
2050 #SUP: 86
2067 #SUP: 149
2074 #SUP: 679
2150 #SUP: 240
2521 #SUP: 197
2754 #SUP: 178
2801 #SUP: 191
2802 #SUP: 103
2851 #SUP: 117
2922 #SUP: 1251
2927 #SUP: 325
2928 #SUP: 336
2937 #SUP: 118
2970 #SUP: 162
2971 #SUP: 140
3060 #SUP: 94
3134 #SUP: 128
3257 #SUP: 109
3821 #SUP: 183
4030 #SUP: 77
4973 #SUP: 156
5537 #SUP: 103
6039 #SUP: 92
3 11 #SUP: 103
3 14 #SUP: 124
3 21 #SUP: 94
3 29 #SUP: 169
3 62 #SUP: 120
3 176 #SUP: 78
3 319 #SUP: 82
3 566 #SUP: 92
3 643 #SUP: 89
3 699 #SUP: 151
3 699 2922 #SUP: 145
3 2922 #SUP: 161
3 2927 #SUP: 78
3 2927 2928 #SUP: 78
3 2928 #SUP: 83
9 14 #SUP: 81
9 21 #SUP: 91
9 29 #SUP: 110
9 62 #SUP: 96
9 96 #SUP: 105
9 176 #SUP: 104
9 699 #SUP: 119
9 699 2922 #SUP: 98
9 2922 #SUP: 101
11 14 #SUP: 127
11 21 #SUP: 104
11 29 #SUP: 101
11 176 #SUP: 102
11 423 #SUP: 128
11 699 #SUP: 87
11 699 2922 #SUP: 84
11 2922 #SUP: 97
14 21 #SUP: 279
14 21 29 #SUP: 104
14 29 #SUP: 308
14 29 699 #SUP: 76
14 43 #SUP: 85
14 48 #SUP: 107
14 62 #SUP: 184
14 87 #SUP: 114
14 96 #SUP: 165
14 99 #SUP: 112
14 119 #SUP: 80
14 122 #SUP: 133
14 176 #SUP: 149
14 178 #SUP: 90
14 185 #SUP: 80
14 195 #SUP: 118
14 206 #SUP: 78
14 220 #SUP: 95
14 242 #SUP: 89
14 304 #SUP: 93
14 423 #SUP: 91
14 489 #SUP: 118
14 566 #SUP: 167
14 566 699 #SUP: 94
14 566 2922 #SUP: 110
14 566 699 2922 #SUP: 91
14 623 #SUP: 95
14 643 #SUP: 107
14 699 #SUP: 268
14 699 2922 #SUP: 244
14 871 #SUP: 92
14 2074 #SUP: 174
14 2922 #SUP: 274
21 29 #SUP: 304
21 29 62 #SUP: 83
21 62 #SUP: 190
21 96 #SUP: 104
21 176 #SUP: 95
21 195 #SUP: 112
21 220 #SUP: 86
21 319 #SUP: 129
21 423 #SUP: 179
21 426 #SUP: 83
21 431 #SUP: 94
21 566 #SUP: 93
21 699 #SUP: 111
21 699 2922 #SUP: 101
21 1528 #SUP: 81
21 2074 #SUP: 131
21 2922 #SUP: 121
27 29 #SUP: 104
29 43 #SUP: 112
29 48 #SUP: 196
29 62 #SUP: 298
29 87 #SUP: 108
29 96 #SUP: 200
29 119 #SUP: 114
29 122 #SUP: 108
29 151 #SUP: 103
29 176 #SUP: 186
29 178 #SUP: 102
29 195 #SUP: 85
29 205 #SUP: 84
29 206 #SUP: 101
29 220 #SUP: 103
29 242 #SUP: 77
29 267 #SUP: 86
29 319 #SUP: 121
29 327 #SUP: 77
29 399 #SUP: 88
29 423 #SUP: 122
29 426 #SUP: 106
29 491 #SUP: 93
29 566 #SUP: 202
29 566 699 #SUP: 130
29 566 2922 #SUP: 143
29 566 699 2922 #SUP: 128
29 643 #SUP: 160
29 653 #SUP: 79
29 687 #SUP: 99
29 699 #SUP: 280
29 699 2922 #SUP: 250
29 749 #SUP: 137
29 749 890 #SUP: 104
29 871 #SUP: 87
29 890 #SUP: 124
29 1456 #SUP: 91
29 2074 #SUP: 140
29 2922 #SUP: 309
29 2927 #SUP: 87
29 2927 2928 #SUP: 87
29 2928 #SUP: 88
43 2922 #SUP: 85
48 62 #SUP: 76
48 699 #SUP: 99
48 699 2922 #SUP: 93
48 2922 #SUP: 123
61 94 #SUP: 161
62 96 #SUP: 82
62 122 #SUP: 103
62 176 #SUP: 114
62 195 #SUP: 94
62 426 #SUP: 76
62 491 #SUP: 82
62 566 #SUP: 128
62 566 699 #SUP: 99
62 566 2922 #SUP: 101
62 566 699 2922 #SUP: 94
62 643 #SUP: 104
62 687 #SUP: 89
62 699 #SUP: 183
62 699 2922 #SUP: 171
62 2074 #SUP: 102
62 2922 #SUP: 204
87 699 #SUP: 112
87 2922 #SUP: 124
87 699 2922 #SUP: 106
94 699 #SUP: 79
96 176 #SUP: 84
96 566 #SUP: 93
96 699 #SUP: 120
96 699 2922 #SUP: 110
96 2922 #SUP: 119
99 2074 #SUP: 76
122 699 #SUP: 117
122 699 2922 #SUP: 108
122 2074 #SUP: 107
122 2922 #SUP: 119
176 566 #SUP: 86
176 699 #SUP: 99
176 699 2922 #SUP: 89
176 749 #SUP: 85
176 2922 #SUP: 105
182 770 #SUP: 79
194 874 #SUP: 85
220 2074 #SUP: 180
292 1005 #SUP: 94
299 566 #SUP: 96
396 755 #SUP: 100
469 1526 #SUP: 124
566 643 #SUP: 89
566 699 #SUP: 433
566 699 2922 #SUP: 426
566 839 #SUP: 90
566 2922 #SUP: 480
566 5537 #SUP: 99
610 699 #SUP: 84
610 2922 #SUP: 99
610 699 2922 #SUP: 76
643 699 #SUP: 96
643 2922 #SUP: 103
643 699 2922 #SUP: 89
699 2922 #SUP: 1042
711 714 #SUP: 76
720 1333 #SUP: 186
720 2074 #SUP: 77
749 890 #SUP: 413
749 1061 #SUP: 271
749 890 1061 #SUP: 189
890 1061 #SUP: 196
1122 1244 #SUP: 95
2521 4973 #SUP: 88
2801 2802 #SUP: 102
2851 6039 #SUP: 92
2927 2928 #SUP: 325
2937 3134 #SUP: 95
2970 2971 #SUP: 105
