3 #SUP: 2
5 #SUP: 6
8 #SUP: 3
10 #SUP: 11
16 #SUP: 3
17 #SUP: 2
18 #SUP: 3
20 #SUP: 4
21 #SUP: 5
23 #SUP: 6
24 #SUP: 2
25 #SUP: 2
27 #SUP: 13
30 #SUP: 13
33 #SUP: 2
40 #SUP: 5
41 #SUP: 2
44 #SUP: 3
45 #SUP: 2
46 #SUP: 3
47 #SUP: 8
48 #SUP: 5
49 #SUP: 2
50 #SUP: 2
53 #SUP: 3
56 #SUP: 2
58 #SUP: 6
61 #SUP: 3
62 #SUP: 2
67 #SUP: 7
72 #SUP: 14
75 #SUP: 2
77 #SUP: 5
78 #SUP: 4
82 #SUP: 2
90 #SUP: 9
92 #SUP: 3
93 #SUP: 4
95 #SUP: 3
97 #SUP: 2
101 #SUP: 2
109 #SUP: 2
111 #SUP: 4
112 #SUP: 4
113 #SUP: 5
119 #SUP: 2
120 #SUP: 5
124 #SUP: 4
130 #SUP: 2
132 #SUP: 2
133 #SUP: 3
134 #SUP: 4
135 #SUP: 4
136 #SUP: 4
142 #SUP: 2
145 #SUP: 2
146 #SUP: 2
153 #SUP: 4
158 #SUP: 3
159 #SUP: 2
160 #SUP: 2
161 #SUP: 2
163 #SUP: 2
165 #SUP: 6
170 #SUP: 2
174 #SUP: 2
181 #SUP: 2
182 #SUP: 2
184 #SUP: 2
187 #SUP: 2
188 #SUP: 2
193 #SUP: 3
197 #SUP: 2
202 #SUP: 2
203 #SUP: 3
205 #SUP: 2
206 #SUP: 2
209 #SUP: 2
211 #SUP: 3
215 #SUP: 2
216 #SUP: 4
220 #SUP: 2
224 #SUP: 2
227 #SUP: 2
233 #SUP: 2
235 #SUP: 3
238 #SUP: 2
240 #SUP: 2
241 #SUP: 4
249 #SUP: 3
251 #SUP: 3
252 #SUP: 8
253 #SUP: 2
266 #SUP: 3
267 #SUP: 2
271 #SUP: 2
272 #SUP: 2
273 #SUP: 2
279 #SUP: 2
280 #SUP: 2
281 #SUP: 2
284 #SUP: 3
289 #SUP: 2
293 #SUP: 2
295 #SUP: 2
298 #SUP: 2
300 #SUP: 2
301 #SUP: 3
303 #SUP: 2
304 #SUP: 4
305 #SUP: 2
313 #SUP: 2
318 #SUP: 2
326 #SUP: 2
327 #SUP: 2
328 #SUP: 2
332 #SUP: 2
341 #SUP: 3
351 #SUP: 2
356 #SUP: 3
357 #SUP: 2
358 #SUP: 2
365 #SUP: 2
366 #SUP: 3
372 #SUP: 2
373 #SUP: 2
374 #SUP: 2
378 #SUP: 2
382 #SUP: 2
384 #SUP: 2
388 #SUP: 2
401 #SUP: 2
405 #SUP: 3
406 #SUP: 2
410 #SUP: 2
413 #SUP: 2
415 #SUP: 2
417 #SUP: 2
426 #SUP: 3
440 #SUP: 2
441 #SUP: 2
446 #SUP: 2
450 #SUP: 2
456 #SUP: 2
487 #SUP: 2
488 #SUP: 2
491 #SUP: 2
504 #SUP: 2
563 #SUP: 2
5 23 #SUP: 4
5 23 30 #SUP: 2
5 23 47 #SUP: 2
5 23 72 #SUP: 2
5 23 441 #SUP: 2
5 30 #SUP: 2
5 47 #SUP: 2
5 72 #SUP: 2
5 441 #SUP: 2
8 47 #SUP: 2
10 30 #SUP: 3
10 30 90 #SUP: 2
10 90 #SUP: 3
10 109 #SUP: 2
10 111 #SUP: 2
10 184 #SUP: 2
10 187 #SUP: 2
10 281 #SUP: 2
10 382 #SUP: 2
21 27 #SUP: 2
21 30 #SUP: 2
23 27 #SUP: 2
23 30 #SUP: 4
23 30 252 #SUP: 2
23 47 #SUP: 2
23 72 #SUP: 2
23 252 #SUP: 2
23 441 #SUP: 2
27 40 #SUP: 2
27 67 #SUP: 2
27 72 #SUP: 2
30 58 #SUP: 2
30 58 295 #SUP: 2
30 72 #SUP: 2
30 72 93 #SUP: 2
30 72 249 #SUP: 2
30 72 93 249 #SUP: 2
30 90 #SUP: 2
30 93 #SUP: 2
30 93 249 #SUP: 2
30 111 #SUP: 2
30 132 #SUP: 2
30 165 #SUP: 2
30 249 #SUP: 2
30 252 #SUP: 3
30 293 #SUP: 2
30 295 #SUP: 2
30 341 #SUP: 2
30 356 #SUP: 2
30 356 372 #SUP: 2
30 356 372 373 #SUP: 2
30 356 372 373 374 #SUP: 2
30 356 372 373 378 #SUP: 2
30 356 372 373 374 378 #SUP: 2
30 356 372 374 #SUP: 2
30 356 372 374 378 #SUP: 2
30 356 372 378 #SUP: 2
30 356 373 #SUP: 2
30 356 373 374 #SUP: 2
30 356 373 378 #SUP: 2
30 356 373 374 378 #SUP: 2
30 356 374 #SUP: 2
30 356 374 378 #SUP: 2
30 356 378 #SUP: 2
30 372 #SUP: 2
30 372 373 #SUP: 2
30 372 373 374 #SUP: 2
30 372 373 378 #SUP: 2
30 372 373 374 378 #SUP: 2
30 372 374 #SUP: 2
30 372 374 378 #SUP: 2
30 372 378 #SUP: 2
30 373 #SUP: 2
30 373 374 #SUP: 2
30 373 378 #SUP: 2
30 373 374 378 #SUP: 2
30 374 #SUP: 2
30 374 378 #SUP: 2
30 378 #SUP: 2
40 72 #SUP: 2
45 47 #SUP: 2
47 58 #SUP: 2
47 252 #SUP: 2
47 301 #SUP: 2
58 295 #SUP: 2
61 90 #SUP: 2
67 206 #SUP: 2
72 93 #SUP: 2
72 93 249 #SUP: 2
72 120 #SUP: 2
72 249 #SUP: 3
72 401 #SUP: 2
72 401 405 #SUP: 2
72 405 #SUP: 2
90 93 #SUP: 2
90 133 #SUP: 3
90 133 134 #SUP: 3
90 133 134 135 #SUP: 3
90 133 134 136 #SUP: 2
90 133 134 135 136 #SUP: 2
90 133 135 #SUP: 3
90 133 135 136 #SUP: 2
90 133 136 #SUP: 2
90 134 #SUP: 3
90 134 135 #SUP: 3
90 134 136 #SUP: 2
90 134 135 136 #SUP: 2
90 135 #SUP: 3
90 135 136 #SUP: 2
90 136 #SUP: 2
92 93 #SUP: 2
93 124 #SUP: 2
93 249 #SUP: 2
119 124 #SUP: 2
133 134 #SUP: 3
133 134 135 #SUP: 3
133 134 136 #SUP: 2
133 134 135 136 #SUP: 2
133 135 #SUP: 3
133 135 136 #SUP: 2
133 136 #SUP: 2
134 135 #SUP: 3
134 136 #SUP: 2
134 135 136 #SUP: 2
135 136 #SUP: 2
153 158 #SUP: 2
160 165 #SUP: 2
161 165 #SUP: 2
163 165 #SUP: 2
165 456 #SUP: 2
170 174 #SUP: 2
271 272 #SUP: 2
313 318 #SUP: 2
351 356 #SUP: 2
356 372 #SUP: 2
356 372 373 #SUP: 2
356 372 373 374 #SUP: 2
356 372 373 378 #SUP: 2
356 372 373 374 378 #SUP: 2
356 372 374 #SUP: 2
356 372 374 378 #SUP: 2
356 372 378 #SUP: 2
356 373 #SUP: 2
356 373 374 #SUP: 2
356 373 378 #SUP: 2
356 373 374 378 #SUP: 2
356 374 #SUP: 2
356 374 378 #SUP: 2
356 378 #SUP: 2
372 373 #SUP: 2
372 373 374 #SUP: 2
372 373 378 #SUP: 2
372 373 374 378 #SUP: 2
372 374 #SUP: 2
372 374 378 #SUP: 2
372 378 #SUP: 2
373 374 #SUP: 2
373 378 #SUP: 2
373 374 378 #SUP: 2
374 378 #SUP: 2
401 405 #SUP: 2
487 488 #SUP: 2
